# step Etot Epot T p 
0 -5165.7587 -7075.7518 296.4689 14.41 
50000 -5169.1879 -7136.8297 305.4172 39.343 
100000 -4986.4574 -6972.0308 308.2005 28.0303 
150000 -5078.0269 -7057.248 307.2145 10.4784 
200000 -5128.8234 -7060.9254 299.9007 -10.7042 
250000 -5184.6471 -7130.3794 302.0164 17.0528 
300000 -5102.7635 -7100.0557 310.0195 43.2736 
350000 -5207.7036 -7146.676 300.9671 11.9379 
400000 -5218.9001 -7105.1968 292.7908 4.9951 
450000 -5048.771 -7022.6105 306.3792 -47.2632 
500000 -5049.4558 -7015.4411 305.16 -30.1011 
550000 -5268.3071 -7123.1766 287.9126 11.3532 
600000 -5105.8347 -7019.8179 297.0883 -31.9193 
650000 -5038.4903 -7020.9497 307.7171 0.5627 
700000 -5244.3794 -7183.8087 301.038 26.6299 
750000 -5099.2177 -7070.3554 305.9598 -15.4127 
800000 -5174.4409 -7044.5366 290.2761 -32.6777 
850000 -5164.2181 -7118.2832 303.3098 3.602 
900000 -5173.9036 -7110.289 300.5655 9.8299 
950000 -5202.1561 -7114.5714 296.8449 -24.5306 
1000000 -5185.3416 -7150.0728 304.9654 24.4878 
1050000 -5211.5438 -7172.4339 304.3691 2.6828 
1100000 -5091.1832 -7043.0101 302.9623 -11.0695 
1150000 -5065.0565 -7026.5572 304.4639 27.5761 
1200000 -5080.5896 -7047.7376 305.3405 30.6467 
1250000 -5246.0948 -7134.6678 293.1441 -10.2687 
1300000 -5160.4034 -7119.1242 304.0324 27.9478 
1350000 -5294.7861 -7114.5261 282.4598 -5.1808 
1400000 -5236.0206 -7134.5718 294.6929 -10.9402 
1450000 -5225.1282 -7117.586 293.7471 -35.982 
1500000 -5235.0429 -7144.4767 296.3821 30.696 
1550000 -5261.3039 -7167.5833 295.8925 39.6725 
1600000 -5200.7222 -7166.14 305.0719 -16.5142 
1650000 -5212.8431 -7099.7685 292.8883 -6.7361 
1700000 -5222.0819 -7187.3085 305.0423 -28.5241 
1750000 -5295.7886 -7229.3541 300.1278 1.2586 
1800000 -5321.8626 -7197.9871 291.2118 -9.5684 
1850000 -5157.1037 -7084.8465 299.224 3.9277 
1900000 -5179.3209 -7140.4936 304.413 40.2275 
1950000 -5185.9197 -7114.6031 299.37 20.1807 
2000000 -5203.6511 -7164.8396 304.4155 19.4126 
2050000 -5171.7432 -7079.1896 296.0736 5.2656 
2100000 -5242.1693 -7140.8217 294.7086 13.9447 
2150000 -5185.5573 -7078.4564 293.8156 1.5101 
2200000 -5124.7252 -7100.0236 306.6056 16.6285 
2250000 -5089.8178 -7081.3848 309.1308 42.6334 
2300000 -5196.4529 -7108.6865 296.8167 -5.4156 
2350000 -5081.2583 -7065.1195 307.9347 15.698 
2400000 -5066.6233 -7024.2122 303.8567 -40.9005 
2450000 -5141.0471 -7141.2878 310.4771 -4.0116 
2500000 -5206.9316 -7110.9052 295.5346 -23.6396 
2550000 -5114.4613 -7084.6038 305.8053 -6.111 
2600000 -5210.0156 -7150.0648 301.1342 15.0018 
2650000 -5210.3042 -7113.5789 295.4261 3.9774 
2700000 -5183.3366 -7045.9979 289.1221 -27.4014 
2750000 -5143.7001 -7022.2498 291.5883 -53.0006 
2800000 -5103.6637 -7064.0927 304.2976 -9.8337 
2850000 -5143.7979 -7120.9485 306.8931 -7.0345 
2900000 -5206.4449 -7178.929 306.1688 22.9571 
2950000 -5241.7149 -7178.7283 300.663 13.7725 
3000000 -5164.9589 -7116.2606 302.8808 -20.8148 
3050000 -5201.2548 -7151.3165 302.6884 -33.5739 
3100000 -5144.0889 -7120.3597 306.7565 -13.8521 
3150000 -5088.1238 -7006.291 297.7377 -1.462 
3200000 -5139.4325 -7098.9173 304.151 7.5874 
3250000 -5270.8238 -7149.3266 291.581 8.1952 
3300000 -5265.6911 -7147.7166 292.1278 63.388 
3350000 -5140.6067 -7101.2511 304.331 -2.6318 
3400000 -5243.31 -7125.2683 292.1174 -3.546 
3450000 -5195.4274 -7154.798 304.1333 10.3747 
3500000 -5193.3111 -7120.572 299.1492 6.6262 
3550000 -5184.1383 -7070.4912 292.7995 29.3199 
3600000 -5200.8631 -7125.672 298.7686 -2.8501 
3650000 -5174.8955 -7116.0978 301.3132 16.4874 
3700000 -5204.5438 -7090.1323 292.6808 15.0657 
3750000 -5257.9234 -7121.0279 289.1909 8.4193 
3800000 -5223.8542 -7165.3686 301.3617 15.0587 
3850000 -5174.734 -7075.5867 295.0501 19.3206 
3900000 -5215.8038 -7130.2494 297.16 -0.9854 
3950000 -5133.4657 -7045.5346 296.7911 -4.2634 
4000000 -5160.4483 -7105.5924 301.9251 -4.3909 
4050000 -5152.0705 -7115.6987 304.7942 19.6106 
4100000 -5172.1681 -7104.3759 299.9171 16.2533 
4150000 -5109.0091 -7049.2375 301.1621 33.7104 
4200000 -5386.4941 -7287.4976 295.0736 6.7515 
4250000 -5322.0496 -7184.9858 289.1647 2.9043 
4300000 -5224.0223 -7155.2843 299.7703 5.7822 
4350000 -5140.6753 -7032.9633 293.7207 6.6554 
4400000 -5216.5448 -7136.6267 298.0349 -6.2898 
4450000 -5274.2448 -7202.0296 299.2306 13.2316 
4500000 -5170.647 -7111.3557 301.2366 18.3947 
4550000 -5220.6707 -7129.1477 296.2336 14.696 
4600000 -5220.5704 -7180.0872 304.156 2.2432 
4650000 -5276.3788 -7143.1189 289.7552 -5.5001 
4700000 -5226.4878 -7147.3939 298.1628 -13.1296 
4750000 -5199.2286 -7156.2254 303.7648 6.9483 
4800000 -5275.6872 -7207.4143 299.8425 -11.4961 
4850000 -5254.6716 -7155.8497 295.1007 -29.1983 
4900000 -5180.278 -7111.6715 299.7907 -3.4718 
4950000 -5147.2986 -7077.1084 299.5449 -42.7317 
5000000 -5183.1635 -7133.3732 302.7113 -40.5797 
5050000 -5301.4828 -7188.386 292.8849 26.6541 
5100000 -5206.5979 -7128.8297 298.3686 -37.1422 
5150000 -5190.3385 -7135.3281 301.9011 22.4718 
5200000 -5242.714 -7152.4006 296.4214 10.6557 
5250000 -5089.4788 -7067.186 306.9795 -13.8687 
5300000 -5308.0523 -7182.4184 290.9389 9.8249 
5350000 -5219.5527 -7123.2577 295.4929 5.1846 
5400000 -5082.2342 -7067.1635 308.1005 18.3156 
5450000 -5198.9345 -7101.9278 295.3824 -1.7793 
5500000 -5268.4761 -7203.19 300.3061 7.4172 
5550000 -5141.8344 -7062.2837 298.0919 -13.6065 
5600000 -5097.2038 -7027.607 299.637 -6.9783 
5650000 -5213.7759 -7108.6382 294.1203 -0.3217 
5700000 -5118.989 -7090.0447 305.9471 -27.521 
5750000 -5226.2366 -7162.5001 300.5466 -10.317 
5800000 -5224.9553 -7145.4196 298.0943 -4.3631 
5850000 -5151.2699 -7094.416 301.6149 10.1173 
5900000 -5155.6117 -7110.7535 303.4769 13.6547 
5950000 -5179.8765 -7107.2322 299.1639 -23.7437 
6000000 -5227.4413 -7114.4252 292.8974 -14.1504 
6050000 -5264.4054 -7170.8981 295.9256 3.0786 
6100000 -5179.3736 -7122.2463 301.5725 3.2877 
6150000 -5210.042 -7147.1758 300.6817 -7.4599 
6200000 -5249.9611 -7150.8772 295.06 -11.7507 
6250000 -5217.9011 -7134.7956 297.5402 19.9319 
6300000 -5052.1313 -7019.0553 305.3057 -7.1285 
6350000 -5204.9357 -7141.8076 300.6411 7.1858 
6400000 -5202.6935 -7070.0804 289.8556 -19.5054 
6450000 -5137.5992 -7113.3124 306.67 -4.1165 
6500000 -5134.1036 -7044.0069 296.455 24.1664 
6550000 -5237.5986 -7137.9575 294.9735 3.4568 
6600000 -5192.7039 -7158.0828 305.0659 -22.8901 
6650000 -5120.2392 -7088.2302 305.4713 -19.184 
6700000 -5144.3805 -7077.7856 300.1029 33.3225 
6750000 -5239.1182 -7185.3567 302.0949 -56.9741 
6800000 -5168.1472 -7092.4233 298.6859 -16.5 
6850000 -5154.0586 -7142.9296 308.7124 -9.5159 
6900000 -5305.3684 -7163.4024 288.4038 -29.6822 
6950000 -5056.8633 -6952.0024 294.1633 51.6406 
7000000 -5206.86 -7092.4825 292.6861 16.7531 
7050000 -5233.4966 -7120.1938 292.8529 2.0782 
7100000 -5119.544 -7071.8909 303.0431 -17.2918 
7150000 -5230.3943 -7164.9741 300.2853 -20.319 
7200000 -5113.6279 -7033.4627 297.9966 6.5324 
7250000 -5190.7586 -7082.6777 293.6635 -15.3019 
7300000 -5177.9846 -7138.9829 304.3859 2.8602 
7350000 -5057.093 -7033.0426 306.7067 -11.319 
7400000 -5157.9493 -7068.8252 296.6059 39.829 
7450000 -5117.2287 -7048.7378 299.8086 24.989 
7500000 -5180.8527 -7119.2756 300.8818 -26.4947 
7550000 -5232.9855 -7104.8623 290.5525 -31.0301 
7600000 -5176.8418 -7161.9143 308.1227 41.4463 
7650000 -5265.8533 -7196.0924 299.6115 -22.6375 
7700000 -5168.4654 -7089.2194 298.1392 -0.6002 
7750000 -5187.6139 -7121.7624 300.2183 -36.297 
7800000 -5103.2775 -7111.3982 311.7003 34.4439 
7850000 -5126.6541 -7105.0098 307.0802 -9.8753 
7900000 -5175.443 -7115.1994 301.0888 -38.1348 
7950000 -5227.6822 -7091.009 289.2254 -27.7375 
8000000 -5299.3029 -7195.7287 294.363 27.9241 
8050000 -5219.487 -7130.9739 296.7008 -15.2733 
8100000 -5144.3594 -7075.6711 299.778 -33.7086 
8150000 -5213.3316 -7112.8119 294.8371 -12.8883 
8200000 -5029.1915 -7024.479 309.7083 40.5782 
8250000 -5194.8771 -7082.7987 293.043 16.5582 
8300000 -5151.0904 -7082.6566 299.8175 39.3693 
8350000 -5166.4598 -7075.5122 296.3229 -29.2289 
8400000 -5195.7241 -7148.7487 303.1483 18.097 
8450000 -5164.9044 -7079.0502 297.1135 -3.2236 
8500000 -5297.8672 -7147.3757 287.0805 26.0355 
8550000 -5180.3019 -7150.3846 305.796 -17.0596 
8600000 -5238.4799 -7174.3858 300.4911 56.5669 
8650000 -5174.8164 -7067.8444 293.8356 -30.3337 
8700000 -5167.8256 -7085.96 297.7326 19.4005 
8750000 -5216.485 -7115.0347 294.6927 13.7871 
8800000 -5201.648 -7114.7388 296.9498 -3.0933 
8850000 -5139.4645 -7063.5549 298.6571 -8.6815 
8900000 -5256.8182 -7146.9895 293.3922 -0.1395 
8950000 -5250.8163 -7176.8703 298.9619 0.1231 
9000000 -5083.3515 -7052.2422 305.611 -34.1151 
9050000 -5166.7574 -7114.9932 302.405 -8.816 
9100000 -5207.2521 -7159.4648 303.0222 -24.1932 
9150000 -5088.635 -7063.1455 306.4833 7.6433 
9200000 -5150.1276 -7105.5262 303.5168 15.542 
9250000 -5119.5924 -7100.0645 307.4087 -35.6259 
9300000 -5142.1773 -7034.8385 293.7787 -29.4844 
9350000 -5167.3142 -7113.9606 302.1582 -8.068 
9400000 -5176.9486 -7085.7983 296.2915 -27.4084 
9450000 -5216.2754 -7147.8524 299.8192 -18.6168 
9500000 -5242.9001 -7175.874 300.036 -23.8606 
9550000 -5303.0246 -7133.1973 284.0792 22.0646 
9600000 -5204.0914 -7111.5296 296.0723 35.3752 
9650000 -5135.242 -7111.4103 306.7406 4.1974 
9700000 -5220.8648 -7122.9535 295.242 3.4217 
9750000 -5111.1094 -6987.9587 291.3243 68.7617 
9800000 -5188.4374 -7114.9025 299.0257 -20.4065 
9850000 -5079.2942 -7039.7479 304.3014 -21.376 
9900000 -5142.3734 -7129.1082 308.3808 -8.9656 
9950000 -5232.372 -7153.9026 298.2598 5.6068 
10000000 -5213.3067 -7125.6594 296.8352 4.5372 
10050000 -5266.7362 -7177.9212 296.6539 -13.5067 
10100000 -5182.6226 -7106.3511 298.6009 -16.0091 
10150000 -5240.139 -7157.7908 297.6577 24.7869 
10200000 -5092.1298 -7088.1739 309.8258 20.9155 
10250000 -5111.8228 -7051.5927 301.0909 -0.0904 
10300000 -5147.8703 -7110.5669 304.6496 -43.9466 
10350000 -5088.4289 -7051.0937 304.6446 10.3517 
10400000 -5128.8257 -7047.4859 297.8142 -13.6988 
10450000 -5245.9415 -7198.2585 303.0384 10.1046 
10500000 -5201.3756 -7127.0024 298.8956 5.7307 
10550000 -5120.9223 -7039.8555 297.8566 2.0998 
10600000 -5096.4252 -7056.1539 304.1889 5.3353 
10650000 -5109.9368 -7038.1412 299.2957 -43.5143 
10700000 -5237.1093 -7156.4821 297.9248 24.4282 
10750000 -5173.2577 -7100.9208 299.2117 19.9374 
10800000 -5209.8147 -7175.4119 305.0998 13.9243 
10850000 -5183.4447 -7094.3643 296.6127 8.3142 
10900000 -5265.9465 -7161.8408 294.2805 18.5166 
10950000 -5195.1087 -7134.8769 301.0906 21.2088 
11000000 -5204.8973 -7098.8823 293.9841 71.455 
11050000 -5136.4461 -7080.1137 301.6959 -10.8538 
11100000 -5162.8704 -7066.0063 295.4045 18.0134 
11150000 -5185.7026 -7169.2899 307.8922 5.6457 
11200000 -5247.4101 -7183.1194 300.4606 24.0209 
11250000 -5199.1767 -7089.7684 293.4574 -18.6206 
11300000 -5138.5547 -7118.435 307.3168 20.2929 
11350000 -5157.088 -7108.4726 302.8937 6.3691 
11400000 -5108.3722 -7060.9816 303.0838 -17.7231 
11450000 -5238.329 -7163.3464 298.801 -26.2023 
11500000 -5296.6762 -7192.0648 294.202 37.0022 
11550000 -5249.892 -7175.2166 298.8487 14.2838 
11600000 -5083.0841 -7021.0296 300.8077 12.7506 
11650000 -5260.0192 -7180.2791 298.0625 -18.4548 
11700000 -5159.6993 -7123.9962 304.898 -45.0568 
11750000 -5129.0349 -7052.9399 298.6283 -20.0267 
11800000 -5230.1284 -7117.9937 293.0343 10.3161 
11850000 -5212.231 -7136.4227 298.6728 -10.563 
11900000 -5339.9962 -7292.95 303.1373 1.341 
11950000 -5088.4339 -7042.7485 303.3485 -6.261 
12000000 -5169.3318 -7123.492 303.3245 -6.0414 
12050000 -5320.3029 -7193.9363 290.8252 7.7426 
12100000 -5104.0956 -7036.8617 300.0038 2.4428 
12150000 -5202.0325 -7134.9734 300.0309 -18.6487 
12200000 -5124.2227 -7055.8876 299.8328 -1.6859 
12250000 -5152.0166 -7057.8431 295.8222 -1.3143 
12300000 -5272.2089 -7160.3201 293.0724 -35.7694 
12350000 -5173.9278 -7114.0907 301.1519 44.3454 
12400000 -5193.5457 -7133.1551 301.066 -7.5357 
12450000 -5295.197 -7149.6253 287.8442 -14.6561 
12500000 -5221.8684 -7150.1257 299.3039 -19.3995 
12550000 -5258.5388 -7105.6357 286.7062 6.918 
12600000 -5165.6595 -7125.9277 304.2726 7.2207 
12650000 -5144.3332 -7155.6442 312.1955 44.4677 
12700000 -5233.46 -7137.5996 295.5603 14.0838 
12750000 -5220.4899 -7159.287 300.9399 7.3703 
12800000 -5194.8075 -7095.9622 295.097 23.507 
12850000 -5136.2139 -7107.0132 305.9072 6.4465 
12900000 -5137.9178 -7050.6782 296.8985 -2.4714 
12950000 -5165.9393 -7126.8408 304.3709 -21.1816 
13000000 -5179.5272 -7056.1716 291.2925 -13.7224 
13050000 -5101.0596 -7070.3483 305.6728 7.6693 
13100000 -5168.1091 -7107.4456 301.0236 -0.1689 
13150000 -5187.0425 -7076.7741 293.3239 -9.9428 
13200000 -5070.2067 -7024.5054 303.346 24.2103 
13250000 -5214.2733 -7166.1579 302.9713 42.6155 
13300000 -5189.7883 -7116.0165 298.9889 -12.9776 
13350000 -5180.5274 -7135.7608 303.4911 -2.872 
13400000 -5141.2581 -7070.3531 299.4339 -14.1819 
13450000 -5143.3236 -7136.3508 309.3575 2.7271 
13500000 -5101.5356 -7025.6501 298.6609 15.6549 
13550000 -5189.5112 -7138.7843 302.566 34.9395 
13600000 -5185.1588 -7114.3621 299.4507 0.2445 
13650000 -5175.8785 -7100.8128 298.7881 -33.5378 
13700000 -5229.7786 -7153.186 298.5511 10.1671 
13750000 -5217.2938 -7179.1663 304.5216 44.7796 
13800000 -5236.1023 -7188.3534 303.0282 -7.6122 
13850000 -5235.0254 -7155.3344 298.0702 6.0509 
13900000 -5207.5097 -7105.9862 294.6813 -15.5963 
13950000 -5134.4859 -7095.2243 304.3456 7.8479 
14000000 -5208.1222 -7129.6683 298.2622 -40.3027 
14050000 -5191.7022 -7094.9384 295.4201 -12.0207 
14100000 -5049.2548 -7058.9004 311.937 -4.4395 
14150000 -5221.7997 -7142.5274 298.1351 1.3729 
14200000 -5155.5669 -7061.8109 295.887 -14.1313 
14250000 -5227.0497 -7117.6487 293.4586 -44.5501 
14300000 -5161.0919 -7089.3477 299.3037 -6.5731 
14350000 -5142.16 -7102.4439 304.2751 25.9468 
14400000 -5184.8959 -7118.9489 300.2035 11.4298 
14450000 -5097.9956 -7059.3887 304.4472 -8.8527 
14500000 -5141.6424 -7039.9675 294.6578 5.4522 
14550000 -5271.5591 -7151.3588 291.7823 -7.1476 
14600000 -5309.6897 -7172.785 289.1895 -16.914 
14650000 -5216.9681 -7129.4959 296.8624 6.6079 
14700000 -5169.6797 -7142.796 306.2669 -61.1784 
14750000 -5146.8137 -7093.7722 302.2067 -0.7066 
14800000 -5219.088 -7144.6436 298.8845 7.9371 
14850000 -5116.2858 -7020.1411 295.5162 -25.8373 
14900000 -5168.7625 -7108.6915 301.1156 -46.3982 
14950000 -5149.3274 -7088.3618 300.9767 -18.0994 
15000000 -5254.8516 -7192.4013 300.7463 -14.3261 
15050000 -5235.4581 -7182.63 302.2398 14.6729 
15100000 -5203.1291 -7124.9429 298.3037 17.2913 
15150000 -5201.3345 -7141.2161 301.1082 20.1627 
15200000 -5141.6212 -7062.77 298.2005 24.1364 
15250000 -5136.7604 -7104.6946 305.4625 -1.3549 
15300000 -5152.1383 -7091.1644 300.9754 17.931 
15350000 -5128.2777 -7076.507 302.4039 19.7026 
15400000 -5222.7736 -7119.596 294.4246 -24.2184 
15450000 -5148.152 -7103.3801 303.4903 1.0473 
15500000 -5197.6861 -7145.6411 302.3614 -32.8545 
15550000 -5206.4179 -7178.9483 306.176 20.5883 
15600000 -5160.9468 -7073.925 296.9323 1.645 
15650000 -5185.6043 -7130.5941 301.9011 -0.6386 
15700000 -5199.1384 -7090.2841 293.5434 -4.9196 
15750000 -5217.4469 -7085.0259 289.8854 -44.1118 
15800000 -5179.3359 -7071.2144 293.6572 1.2525 
15850000 -5141.9568 -7113.1622 305.9703 3.9112 
15900000 -5185.3687 -7187.8148 310.8195 13.4249 
15950000 -5243.9848 -7164.2322 298.0606 -4.6662 
16000000 -5080.3882 -7043.0607 304.6458 -7.3232 
16050000 -5139.05 -7036.9561 294.5928 10.7762 
16100000 -5126.7091 -7040.2936 297.0264 5.0704 
16150000 -5187.1382 -7061.187 290.8897 -2.3527 
16200000 -5158.2676 -7066.6731 296.2225 36.4595 
16250000 -5216.3734 -7082.0671 289.5928 -18.6503 
16300000 -5200.3797 -7109.3435 296.3092 -15.2197 
16350000 -5246.0108 -7121.305 291.083 -15.2247 
16400000 -5097.2174 -7082.0643 308.0877 31.5373 
16450000 -5166.9565 -7114.4258 302.286 0.0973 
16500000 -5115.7414 -7082.5689 305.2908 10.5376 
16550000 -5298.6993 -7159.7903 288.8783 -20.8628 
16600000 -5122.0802 -7056.0798 300.1952 25.6438 
16650000 -5152.1448 -7065.8823 297.0501 13.9055 
16700000 -5152.5045 -7141.0199 308.6572 -2.4386 
16750000 -5211.998 -7112.3462 294.9719 -26.4869 
16800000 -5177.1097 -7096.2621 297.8906 -23.6838 
16850000 -5158.4572 -7064.3128 295.8267 1.0444 
16900000 -5116.2303 -7045.7955 299.5069 43.8968 
16950000 -5115.3987 -7041.63 298.9894 14.3636 
17000000 -5216.5107 -7120.5539 295.5454 34.1413 
17050000 -5203.1746 -7144.1083 301.2715 -14.4612 
17100000 -5134.6822 -7087.5446 303.1231 -8.4589 
17150000 -5031.0084 -6993.7901 304.6628 33.9846 
17200000 -5192.9327 -7158.494 305.0942 -32.2309 
17250000 -5229.6746 -7134.341 295.6421 19.3906 
17300000 -5163.7881 -7110.8186 302.2179 -38.1034 
17350000 -5206.7512 -7144.3227 300.7496 14.775 
17400000 -5144.655 -7069.3058 298.7441 -10.7682 
17450000 -5084.5825 -7034.7255 302.701 4.0637 
17500000 -5226.9031 -7121.6825 294.1075 -20.0682 
17550000 -5193.9271 -7119.4108 298.8734 -11.1717 
17600000 -5176.6947 -7062.6017 292.7303 -6.5107 
17650000 -5144.2389 -7079.5228 300.3946 5.0307 
17700000 -5143.1442 -7105.817 304.6459 -6.9605 
17750000 -5141.288 -7069.6366 299.3181 1.339 
17800000 -5110.4069 -7052.2696 301.4157 0.6721 
17850000 -5128.7015 -7076.6378 302.3585 -2.3581 
17900000 -5130.5427 -7069.1555 300.9113 -5.1138 
17950000 -5002.8184 -6985.6249 307.771 -14.2729 
18000000 -5273.9675 -7189.5898 297.3427 3.8757 
18050000 -5148.4519 -7042.5151 293.9963 6.2979 
18100000 -5163.4632 -7126.3217 304.6747 6.6511 
18150000 -5192.3922 -7094.5985 295.2603 15.4177 
18200000 -5300.8407 -7187.181 292.7976 -8.0927 
18250000 -5152.1208 -7023.1977 290.4284 24.2994 
18300000 -5170.894 -7108.1175 300.6956 -1.3466 
18350000 -5134.1662 -7100.323 305.1866 7.9811 
18400000 -5193.7185 -7083.5932 293.3461 -11.656 
18450000 -5200.3138 -7138.7774 300.8881 22.9058 
18500000 -5262.0976 -7136.7156 290.978 -8.6416 
18550000 -5232.8662 -7158.4613 298.8907 -4.7794 
18600000 -5213.1935 -7089.91 291.3037 -22.5463 
18650000 -5206.9622 -7136.3611 299.4811 -11.7073 
18700000 -5067.3778 -7029.6085 304.5772 22.5856 
18750000 -5150.2952 -7112.7987 304.6196 -30.244 
18800000 -5117.647 -7042.1251 298.7173 48.207 
18850000 -5165.3047 -7068.3802 295.3952 -15.9912 
18900000 -5157.8679 -7083.4079 298.8821 19.5401 
18950000 -5208.7274 -7123.4434 297.202 16.1204 
19000000 -5181.1984 -7092.3064 296.642 27.0436 
19050000 -5222.9608 -7098.1627 291.0686 12.328 
19100000 -5159.8724 -7102.4487 301.5265 -15.7145 
19150000 -5155.5035 -7050.0865 294.077 -22.6881 
19200000 -5205.638 -7143.6514 300.8182 56.7098 
19250000 -5183.2301 -7150.4518 305.3519 30.2096 
19300000 -5229.5224 -7116.8349 292.9484 6.2763 
19350000 -5095.4981 -7057.2974 304.5103 -7.6457 
19400000 -5295.6814 -7200.5266 295.6699 -8.0928 
19450000 -5197.7556 -7099.2987 295.1573 -6.1304 
19500000 -5180.804 -7131.5415 302.7933 -29.3169 
19550000 -5241.0753 -7129.4899 293.1195 51.3577 
19600000 -5096.9222 -6999.2037 295.2719 -3.6386 
19650000 -5239.7086 -7147.1114 296.0669 -18.449 
19700000 -5125.8221 -7023.5786 294.5696 2.8426 
19750000 -5151.5386 -7090.5646 300.9754 1.6856 
19800000 -5224.4787 -7115.1473 293.4694 0.9835 
19850000 -5289.414 -7173.6904 292.4772 2.6334 
19900000 -5248.2107 -7152.7792 295.6269 15.3844 
19950000 -5121.6454 -7059.9231 300.8593 3.2477 
20000000 -5180.1028 -7124.0825 301.7443 6.6517 
20050000 -5076.2507 -7064.9184 308.6808 -15.52 
20100000 -5295.2566 -7199.1597 295.5236 -14.7664 
20150000 -5202.7626 -7159.3267 303.6977 3.3623 
20200000 -5327.8656 -7152.6762 283.2469 -6.7348 
20250000 -5180.8057 -7104.8693 298.6529 20.4958 
20300000 -5268.8799 -7150.947 292.1342 -4.2657 
20350000 -5110.2567 -7041.6046 299.7836 -1.5818 
20400000 -5119.2021 -7084.6475 305.0762 -4.8769 
20450000 -5137.1878 -7133.771 309.9094 1.9204 
20500000 -5207.9488 -7118.7741 296.5981 -30.1204 
20550000 -4991.4325 -6989.2057 310.0941 4.8471 
20600000 -5266.2775 -7148.1015 292.0965 -38.0633 
20650000 -5150.7326 -7074.5049 298.6077 2.9224 
20700000 -5144.2506 -7066.1605 298.3186 12.433 
20750000 -5201.5281 -7097.1158 294.2329 13.886 
20800000 -5143.8468 -7083.7638 301.1137 -25.6354 
20850000 -5228.4882 -7133.3939 295.6793 -34.5921 
20900000 -5163.9763 -7084.9607 298.175 -3.7165 
20950000 -5198.3769 -7142.323 301.7391 -19.1265 
21000000 -5257.8523 -7134.9763 291.367 -16.87 
21050000 -5259.1123 -7184.1747 298.808 -19.857 
21100000 -5245.5351 -7160.7343 297.277 2.4161 
21150000 -5184.8329 -7128.0211 301.6215 -38.6331 
21200000 -5192.364 -7144.5338 303.0156 0.1751 
21250000 -5161.1955 -7096.9903 300.4739 -4.77 
21300000 -5169.0051 -7104.6223 300.4463 -39.2216 
21350000 -5320.3082 -7228.3196 296.1613 -5.9355 
21400000 -5192.2778 -7148.8634 303.701 -23.5957 
21450000 -5218.5625 -7181.7899 304.732 -8.3272 
21500000 -5191.4692 -7129.6588 300.8456 2.5059 
21550000 -5129.5585 -7046.7861 297.5919 31.6075 
21600000 -5228.3219 -7110.2372 292.1107 12.3896 
21650000 -5314.5432 -7211.0222 294.3713 -0.489 
21700000 -5213.8214 -7132.6403 297.8389 11.797 
21750000 -5211.4541 -7146.2855 300.3243 9.1403 
21800000 -5087.6047 -7068.3752 307.455 -19.4816 
21850000 -5085.0626 -7056.0006 305.9288 8.3972 
21900000 -5222.8828 -7140.7018 297.6837 -8.9283 
21950000 -5153.1123 -7079.9872 299.0893 -15.6032 
22000000 -5268.9501 -7184.3527 297.3086 -8.9696 
22050000 -5213.613 -7107.0155 293.8937 -19.033 
22100000 -5143.3624 -7052.0665 296.2688 0.6168 
22150000 -5231.4353 -7147.4642 297.4058 1.9103 
22200000 -5125.8193 -7052.0108 298.9832 -0.962 
22250000 -5228.9465 -7151.1277 298.3608 -24.2178 
22300000 -5206.6061 -7180.9145 306.4519 10.7146 
22350000 -5194.4866 -7090.9208 294.3643 -3.5001 
22400000 -5263.6 -7162.7988 294.7934 -17.3518 
22450000 -5231.0094 -7171.5468 301.21 13.6451 
22500000 -5105.3844 -7056.4451 302.8434 14.5883 
22550000 -5146.196 -7082.5792 300.5652 -25.5059 
22600000 -5131.6116 -7091.9574 304.2847 37.8529 
22650000 -5179.5274 -7112.7621 300.0765 55.5019 
22700000 -5142.0933 -7095.7083 303.2399 5.1297 
22750000 -5251.3749 -7156.0596 295.6449 46.4911 
22800000 -5163.0207 -7097.3372 300.2444 40.9727 
22850000 -5184.7936 -7143.3452 304.0062 -1.4324 
22900000 -5141.9232 -7128.3901 308.3392 2.9209 
22950000 -5160.966 -7156.4855 309.7443 -1.3635 
23000000 -5297.594 -7202.0789 295.6139 -7.6834 
23050000 -5265.8704 -7142.6559 291.3144 10.9235 
23100000 -5212.3419 -7158.5026 302.0829 6.876 
23150000 -5171.2416 -7089.4391 297.7424 26.5163 
23200000 -5174.4431 -7075.2415 295.0417 9.5462 
23250000 -5204.8496 -7120.2112 297.3022 -8.6095 
23300000 -5321.6422 -7222.1818 295.0016 -40.1475 
23350000 -5218.028 -7194.1259 306.7297 7.5964 
23400000 -5127.8772 -7093.4452 305.0953 23.296 
23450000 -5206.242 -7081.0653 291.0099 1.0675 
23500000 -5221.7396 -7099.7374 291.5026 -7.2486 
23550000 -5225.7278 -7158.9492 300.0744 32.6618 
23600000 -5259.9821 -7145.6401 292.6916 -13.9418 
23650000 -5156.8651 -7086.7495 299.5564 17.6746 
23700000 -5375.2629 -7186.0923 281.0767 -43.9963 
23750000 -5191.006 -7096.8854 295.8304 -12.8952 
23800000 -5164.426 -7105.8348 301.3453 3.9853 
23850000 -5169.3842 -7086.6269 297.5942 -8.3688 
23900000 -5152.3271 -7076.8702 298.7274 -41.8983 
23950000 -5085.5475 -7055.2328 305.7343 -43.8117 
24000000 -5074.4705 -7045.1113 305.8826 -53.3583 
24050000 -5311.1875 -7208.0295 294.4276 -24.5536 
24100000 -5184.4747 -7167.8626 307.8613 -8.8554 
24150000 -5182.1656 -7149.2833 305.3358 21.0699 
24200000 -5254.4238 -7106.7837 287.5231 -39.6732 
24250000 -5163.5537 -7086.0896 298.4158 11.1594 
24300000 -5140.336 -7060.5388 298.0537 -9.1213 
24350000 -5172.0014 -7109.6317 300.7588 13.7825 
24400000 -5305.9078 -7186.9227 291.9709 -14.6887 
24450000 -5272.4049 -7146.3914 290.88 19.5253 
24500000 -5110.7567 -7076.5566 305.1312 2.3179 
24550000 -5194.2121 -7136.3559 301.4593 21.3965 
24600000 -5077.9711 -7027.5221 302.6091 -40.4512 
24650000 -5147.3105 -7132.0928 308.0777 -42.511 
24700000 -5165.1485 -7082.9433 297.6799 31.7682 
24750000 -5188.1151 -7134.3265 302.0907 -2.3373 
24800000 -5180.5193 -7071.2784 293.4834 -18.0048 
24850000 -5174.8879 -7082.0864 296.0351 -8.7778 
24900000 -5129.1799 -7053.5075 298.6939 -24.8777 
24950000 -5215.0976 -7070.9856 288.0707 9.1426 
25000000 -5222.7501 -7124.777 295.2324 15.2829 
25050000 -5188.4616 -7104.7754 297.45 -39.9331 
25100000 -5217.1634 -7113.5204 294.3523 17.3734 
25150000 -5286.3855 -7203.9732 297.6478 25.9794 
25200000 -5246.5886 -7148.8368 295.2668 22.7874 
25250000 -5205.4351 -7080.5083 291.0487 -13.8284 
25300000 -5220.3051 -7100.4928 291.8425 -2.2807 
25350000 -5186.5381 -7108.5658 298.3369 -22.2719 
25400000 -5128.1746 -7100.2928 306.112 7.2126 
25450000 -5282.3022 -7203.1286 298.1505 -4.9603 
25500000 -5215.5429 -7111.0841 294.2257 -12.3582 
25550000 -5137.9427 -7064.7743 299.0826 4.7121 
25600000 -5187.8389 -7112.1774 298.6956 10.9548 
25650000 -5215.194 -7166.9021 302.9439 5.0186 
25700000 -5164.5017 -7133.2523 305.5893 20.1535 
25750000 -5174.2149 -7157.7572 307.8852 1.1011 
25800000 -5146.3162 -7071.5093 298.8283 -50.2019 
25850000 -5054.1144 -7043.7566 308.8321 14.1624 
25900000 -5199.7646 -7110.6263 296.6038 14.611 
25950000 -5122.4906 -7022.875 294.9775 -0.3237 
26000000 -5167.5128 -7037.4559 290.2524 -27.8275 
26050000 -5147.0369 -7149.8832 310.8816 -23.8995 
26100000 -5181.24 -7170.8066 308.8203 9.1122 
26150000 -5168.7539 -7031.7895 289.1802 3.189 
26200000 -5209.4553 -7125.7444 297.4462 8.828 
26250000 -5182.8667 -7085.007 295.25 -35.8157 
26300000 -5086.1011 -6998.6833 296.8708 2.2731 
26350000 -5301.2159 -7194.1586 293.8224 50.7713 
26400000 -5146.1181 -7064.2762 297.7363 -13.7337 
26450000 -5342.3268 -7198.1815 288.0656 6.2951 
26500000 -5306.3246 -7141.466 284.8504 -12.5596 
26550000 -5178.631 -7055.7414 291.3649 -11.8535 
26600000 -5187.6179 -7127.1226 301.0497 9.1488 
26650000 -5262.3335 -7109.0202 286.6425 32.3966 
26700000 -5165.5708 -7091.782 298.9863 -22.1567 
26750000 -5093.6619 -7056.429 304.6605 -6.2905 
26800000 -5202.6625 -7159.4158 303.727 -36.4669 
26850000 -5200.1286 -7115.5812 297.3163 3.4385 
26900000 -5157.6991 -7075.1954 297.6336 12.3266 
26950000 -5203.9307 -7147.379 301.6618 11.0593 
27000000 -5185.2167 -7090.7578 295.7779 -45.7979 
27050000 -5167.7472 -7083.5823 297.3757 0.9828 
27100000 -5237.1191 -7168.1682 299.7372 -11.7881 
27150000 -5171.3815 -7112.689 301.3296 -3.6614 
27200000 -5146.1115 -7082.2098 300.521 3.9796 
27250000 -5196.2054 -7070.5347 290.9332 10.2977 
27300000 -5190.5858 -7158.1999 305.4128 2.2581 
27350000 -5167.4587 -7102.5719 300.3681 6.6403 
27400000 -5172.341 -7149.997 306.9716 5.3774 
27450000 -5312.5854 -7167.1683 287.8682 -4.0439 
27500000 -5229.0741 -7107.8892 291.6295 2.7399 
27550000 -5068.4466 -7105.1841 316.1422 -3.2319 
27600000 -5172.3126 -7110.6219 300.8642 -6.7117 
27650000 -5251.5315 -7111.989 288.78 5.8722 
27700000 -5180.1091 -7084.3861 295.5817 -30.4316 
27750000 -5237.762 -7108.3431 290.3514 -1.188 
27800000 -5269.1924 -7143.8966 290.9914 26.8569 
27850000 -5305.8531 -7168.3332 289.094 -11.9279 
27900000 -5291.6414 -7195.9851 295.592 12.7106 
27950000 -5195.0574 -7183.5443 308.6527 -32.0431 
28000000 -5261.2079 -7154.0623 293.8087 -4.7976 
28050000 -5208.4211 -7112.9925 295.6274 14.6694 
28100000 -5168.0432 -7098.1673 299.5937 -46.6689 
28150000 -5105.8988 -7043.9652 300.8265 -26.9805 
28200000 -5312.6908 -7207.699 294.143 16.2827 
28250000 -5138.4947 -7111.3256 306.2226 -13.7365 
28300000 -5299.492 -7201.2705 295.1939 -25.7705 
28350000 -5131.7475 -7088.4869 303.7249 20.7009 
28400000 -5238.2972 -7159.6783 298.2366 19.1497 
28450000 -5187.3742 -7096.694 296.3644 -6.9551 
28500000 -5200.7108 -7139.8389 300.9913 15.5094 
28550000 -5178.4986 -7065.0448 292.8295 -5.8671 
28600000 -5149.974 -7066.5415 297.4894 3.0755 
28650000 -5217.7802 -7147.2261 299.4884 -2.6192 
28700000 -5236.8349 -7183.586 302.1745 15.1375 
28750000 -5172.1317 -7129.676 303.8498 -1.4312 
28800000 -5270.2569 -7195.2186 298.7923 12.6639 
28850000 -5190.3831 -7140.4351 302.6869 -4.748 
28900000 -5164.3086 -7104.899 301.2182 19.7686 
28950000 -5079.8782 -6997.6398 297.6748 -24.106 
29000000 -5150.2951 -7084.9215 300.2925 -2.3479 
29050000 -5148.1039 -7111.875 304.8163 6.8197 
29100000 -5142.0429 -7111.2567 305.6612 -61.4375 
29150000 -5137.4037 -7050.8402 297.0034 -6.8708 
29200000 -5249.5099 -7130.0248 291.8933 -0.0235 
29250000 -5129.1089 -7029.1781 294.9285 -25.4239 
29300000 -5144.7715 -7064.8123 298.0285 10.7903 
29350000 -5190.3125 -7083.2645 293.8238 -6.5816 
29400000 -5312.8362 -7203.3872 293.4511 38.1113 
29450000 -5187.8071 -7196.8638 311.8456 13.1361 
29500000 -5104.8294 -7056.0554 302.8691 7.6499 
29550000 -5124.3091 -7102.8365 307.1068 -16.115 
29600000 -5214.2368 -7138.4137 298.6705 -4.5954 
29650000 -5190.0951 -7104.632 297.1742 -8.8382 
29700000 -5284.2713 -7218.4731 300.2266 -10.4167 
29750000 -5207.4983 -7126.1363 297.8108 -3.5699 
29800000 -5169.0727 -7006.3813 285.1868 -28.4904 
29850000 -5179.0644 -7086.302 296.0412 20.0963 
29900000 -5096.9495 -7073.3214 306.7722 -1.8974 
29950000 -5184.4512 -7118.7299 300.2385 -45.6952 
30000000 -5077.1625 -7048.2448 305.9512 -1.6093 
30050000 -5232.8363 -7136.5824 295.4993 -15.054 
30100000 -5317.1146 -7220.3717 295.4234 -10.7298 
30150000 -5176.4351 -7091.5624 297.2658 -41.5427 
30200000 -5235.0879 -7151.3164 297.4368 -7.6814 
30250000 -5064.2768 -7003.1702 300.9548 -2.5199 
30300000 -5252.5723 -7115.4778 289.16 25.2833 
30350000 -5265.4214 -7104.5924 285.4759 21.43 
30400000 -5185.0864 -7132.6783 302.305 7.5669 
30450000 -5183.7964 -7145.5779 304.5075 3.9035 
30500000 -5189.8263 -7132.9072 301.6048 34.3947 
30550000 -5237.4719 -7196.8673 304.1371 -14.6995 
30600000 -5134.1411 -7091.7045 303.8528 -35.086 
30650000 -5119.4557 -7058.9337 301.0456 -31.1492 
30700000 -5103.5386 -7002.6423 294.7787 42.9471 
30750000 -5118.9953 -7032.5976 297.0291 -12.5164 
30800000 -5218.9985 -7135.2754 297.4443 34.214 
30850000 -5186.7676 -7150.8548 304.8654 17.7295 
30900000 -5250.467 -7135.5007 292.5947 -16.1297 
30950000 -5163.5292 -7068.6695 295.7157 -2.0804 
31000000 -5201.5844 -7232.7871 315.2831 28.4368 
31050000 -5291.5207 -7228.1008 300.5958 -41.5757 
31100000 -5194.9213 -7144.6086 302.6303 6.6438 
31150000 -5257.3285 -7199.951 301.5337 12.9649 
31200000 -5113.2228 -7062.1892 302.5184 -9.2784 
31250000 -5061.3994 -7052.0702 308.9917 -34.564 
31300000 -5190.2137 -7136.9238 302.1681 5.381 
31350000 -5133.5603 -7045.7206 296.8053 12.3935 
31400000 -5166.2634 -7060.5035 294.0238 -9.8791 
31450000 -5159.7723 -7135.801 306.719 5.7642 
31500000 -5178.9116 -7083.4795 295.6268 11.0566 
31550000 -5225.3683 -7095.8004 290.3283 32.2056 
31600000 -5188.8006 -7134.9071 302.0744 1.9363 
31650000 -5131.2284 -7085.2865 303.3087 20.7294 
31700000 -5088.5343 -7048.9888 304.3015 9.7534 
31750000 -5128.4826 -7086.9164 303.9879 4.5921 
31800000 -5189.5878 -7157.3585 305.4372 -2.9653 
31850000 -5247.0075 -7091.5237 286.3056 -11.4076 
31900000 -5241.8322 -7182.1581 301.1772 18.0628 
31950000 -5185.4391 -7175.3739 308.8775 18.1804 
32000000 -5207.8075 -7111.1736 295.4403 -25.3327 
32050000 -5191.8638 -7102.0381 296.4971 43.5784 
32100000 -5114.9002 -7092.6108 306.98 -9.3706 
32150000 -5247.8812 -7182.2037 300.2453 -30.5196 
32200000 -5240.8707 -7232.6456 309.1631 32.9171 
32250000 -5153.0061 -7072.48 297.9405 -24.4367 
32300000 -5214.2903 -7150.7038 300.5699 10.9764 
32350000 -5330.2534 -7191.7575 288.9425 4.7137 
32400000 -5298.3527 -7215.302 297.5487 0.7027 
32450000 -5245.0478 -7180.5812 300.4333 -8.7207 
32500000 -5191.3347 -7129.8705 300.8993 -21.3066 
32550000 -5215.0013 -7145.2617 299.6148 -10.4427 
32600000 -5243.7866 -7146.0672 295.2718 12.9975 
32650000 -5097.1158 -7116.8498 313.5029 -0.4266 
32700000 -5172.9231 -7119.1289 302.0899 21.7171 
32750000 -5209.5993 -7101.8649 293.7173 25.6616 
32800000 -5169.3364 -7083.795 297.1621 -12.8135 
32850000 -5166.7839 -7116.1109 302.5743 -7.0181 
32900000 -5165.5159 -7116.9029 302.8941 4.0032 
32950000 -5216.5172 -7120.874 295.5941 27.9845 
33000000 -5212.9019 -7151.2396 300.8686 12.0676 
33050000 -5130.9012 -7067.1495 300.5442 22.0336 
33100000 -5204.5514 -7136.6692 299.9031 -15.0793 
33150000 -5280.9635 -7146.9446 289.6374 37.1955 
33200000 -5145.1031 -7072.2243 299.1275 -7.9626 
33250000 -5168.0721 -7104.9684 300.6448 25.3981 
33300000 -5275.889 -7153.1718 291.3916 8.1741 
33350000 -5175.2961 -7079.5338 295.5756 -33.8007 
33400000 -5264.5914 -7149.6576 292.5998 42.972 
33450000 -5161.1954 -7100.4042 301.0038 21.613 
33500000 -5080.2836 -7047.2578 305.3135 1.2042 
33550000 -5158.5687 -7100.8853 301.4862 -42.3579 
33600000 -5196.7834 -7130.2123 300.1066 21.4464 
33650000 -5113.0367 -7017.243 295.5707 -34.3774 
33700000 -5288.5596 -7182.6617 294.0023 -22.2736 
33750000 -5123.6714 -7100.0037 306.7661 -17.2972 
33800000 -5175.7336 -7143.0372 305.3647 24.6071 
33850000 -5199.6078 -7116.8567 297.5952 7.152 
33900000 -5188.1772 -7106.7201 297.796 1.8624 
33950000 -5129.9171 -7068.5331 300.9118 -37.3403 
34000000 -5128.3276 -7045.1053 297.522 2.1855 
34050000 -5156.2979 -7096.905 301.2208 -17.9618 
34100000 -5102.5494 -7040.0045 300.7316 3.1359 
34150000 -5153.7654 -7135.9115 307.6685 1.032 
34200000 -5212.5482 -7110.6053 294.6162 7.4769 
34250000 -5065.7386 -7023.7076 303.9157 45.0822 
34300000 -5193.8541 -7116.7146 298.4662 16.7097 
34350000 -5287.8406 -7169.9721 292.1443 21.4495 
34400000 -5208.214 -7075.4475 289.8318 -22.7418 
34450000 -5239.3847 -7158.1471 297.8301 -7.1122 
34500000 -5237.199 -7162.1652 298.7931 -15.8131 
34550000 -5251.6824 -7185.0471 300.0967 -62.1792 
34600000 -5186.1727 -7100.5226 297.1452 2.6847 
34650000 -5277.7812 -7187.136 296.3698 -50.2412 
34700000 -5144.7301 -7049.2826 295.6244 -5.5359 
34750000 -5238.9598 -7107.1156 289.975 13.3459 
34800000 -5248.6869 -7181.801 300.0578 -4.9239 
34850000 -5186.2365 -7106.1946 298.0157 -8.5614 
34900000 -5201.4543 -7119.5534 297.7271 -16.392 
34950000 -5311.6911 -7225.9766 297.1352 12.5276 
35000000 -5203.4891 -7179.2872 306.6832 4.0342 
35050000 -5251.4639 -7145.7576 294.0321 33.6204 
35100000 -5201.702 -7139.2579 300.7472 6.2587 
35150000 -5189.5864 -7117.8562 299.3058 -2.3099 
35200000 -5198.6205 -7118.8463 298.0572 13.6812 
35250000 -5098.3581 -7004.347 295.8474 -0.1951 
35300000 -5169.8883 -7091.67 298.2988 -26.4147 
35350000 -5227.9759 -7131.209 295.4196 -23.4748 
35400000 -5268.4075 -7216.2845 302.3492 3.0838 
35450000 -5224.4858 -7136.0445 296.7119 17.5451 
35500000 -5226.0091 -7140.2882 297.1342 19.3128 
35550000 -5149.9204 -7079.4749 299.5052 34.586 
35600000 -5163.6534 -7084.9553 298.2243 -16.0884 
35650000 -5157.3982 -7067.6706 296.5123 28.0956 
35700000 -5156.329 -7070.6938 297.1475 -42.944 
35750000 -5113.8541 -7091.86 307.0259 -51.9847 
35800000 -5147.1211 -7085.3892 300.8578 -31.5002 
35850000 -5243.4315 -7161.9704 297.7954 4.8662 
35900000 -5371.6693 -7216.5685 286.365 -5.2731 
35950000 -5234.8381 -7138.12 295.4272 -26.7286 
36000000 -5252.2752 -7150.7742 294.6848 13.0194 
36050000 -5068.1279 -7049.1711 307.4973 33.9556 
36100000 -5207.911 -7109.2618 295.1275 7.8436 
36150000 -5190.0301 -7101.1722 296.6473 -17.9112 
36200000 -5122.0173 -7030.2209 296.1911 -28.2413 
36250000 -5227.9187 -7116.6995 293.1764 26.1249 
36300000 -5110.8173 -7030.1873 297.9244 -33.5851 
36350000 -5206.7143 -7093.1997 292.8201 7.597 
36400000 -5195.4281 -7130.3411 300.337 24.8281 
36450000 -5189.0104 -7129.0883 301.1387 19.1165 
36500000 -5145.6597 -7103.7631 303.9366 -22.2696 
36550000 -5203.803 -7113.3869 296.4054 -3.428 
36600000 -5252.6977 -7122.4669 290.2254 -20.4104 
36650000 -5215.7615 -7122.8621 296.02 5.277 
36700000 -5271.3338 -7152.9758 292.0683 9.8746 
36750000 -5204.8934 -7117.3045 296.8442 7.8893 
36800000 -5241.6227 -7163.2336 298.2722 -12.8427 
36850000 -5258.0711 -7195.085 300.6631 18.9428 
36900000 -5174.1878 -7078.36 295.5654 -14.8337 
36950000 -5143.4631 -7102.4729 304.0773 -31.1772 
37000000 -5127.7561 -7088.3107 304.3171 -32.9201 
37050000 -5296.1944 -7174.1141 291.4905 -30.5652 
37100000 -5275.3855 -7121.6054 286.5701 13.9321 
37150000 -5169.2989 -7047.0665 291.4669 25.268 
37200000 -5168.8666 -7102.9159 300.2029 17.072 
37250000 -5189.7519 -7141.6168 302.9682 -27.2132 
37300000 -5269.312 -7167.6611 294.6616 -3.4756 
37350000 -5175.2765 -7093.1579 297.6934 20.7123 
37400000 -5109.5329 -7025.0944 297.3333 14.2582 
37450000 -5177.6071 -7096.6836 297.8788 8.6632 
37500000 -5178.8926 -7129.5216 302.7764 14.2804 
37550000 -5166.4242 -7103.6142 300.6904 -37.1067 
37600000 -5244.3131 -7184.3048 301.1253 15.0165 
37650000 -5161.1487 -7088.7178 299.1971 39.7107 
37700000 -5100.0614 -7087.3177 308.4617 -33.6411 
37750000 -5152.6403 -7094.1177 301.3559 19.5434 
37800000 -5185.1979 -7121.7093 300.5851 19.3695 
37850000 -5285.1092 -7174.6403 293.2928 31.2419 
37900000 -5152.0516 -7041.52 293.2831 -25.5591 
37950000 -5135.2687 -7110.7622 306.6359 -31.5268 
38000000 -5232.0711 -7087.5031 288.0 -12.449 
38050000 -5094.2149 -7081.1898 308.418 57.5196 
38100000 -5237.2923 -7160.6252 298.5395 -29.9025 
38150000 -5147.9372 -7129.7398 307.6152 0.4387 
38200000 -5211.3086 -7152.6463 301.3342 -19.4928 
38250000 -5149.8358 -7096.7391 302.1981 -34.2524 
38300000 -5099.0401 -7062.6309 304.7884 -20.5335 
38350000 -5128.199 -7101.7226 306.3301 -21.6556 
38400000 -5158.0664 -7093.2025 300.3716 -37.6112 
38450000 -5273.0777 -7163.7891 293.476 -2.1074 
38500000 -5235.6242 -7175.1324 301.0502 9.8571 
38550000 -5173.8105 -7142.4064 305.5652 19.2346 
38600000 -5152.8886 -7086.7381 300.1719 11.5588 
38650000 -5218.4336 -7120.0643 295.1709 -2.602 
38700000 -5222.9725 -7180.2068 303.8017 0.8192 
38750000 -5241.9037 -7153.446 296.7094 10.1133 
38800000 -5193.3343 -7130.2032 300.6406 -18.5954 
38850000 -5129.7692 -7074.3533 301.8381 -14.9342 
38900000 -5183.385 -7137.935 303.3851 2.2124 
38950000 -5258.3253 -7136.4914 291.5287 1.3398 
39000000 -5087.9781 -7070.948 307.7964 -19.6865 
39050000 -5134.2776 -7089.2222 303.4463 26.0685 
39100000 -5080.9812 -7070.6786 308.8406 4.4162 
39150000 -5127.6892 -7117.0959 308.7955 -32.4965 
39200000 -5184.0042 -7106.3848 298.3917 24.3942 
39250000 -5169.8562 -7064.5662 294.0967 -4.3259 
39300000 -5207.7489 -7146.7925 300.9781 -1.8882 
39350000 -5246.0067 -7147.0054 295.0728 -9.8859 
39400000 -5299.333 -7178.9732 291.7575 -27.6267 
39450000 -5243.3297 -7174.8194 299.8056 48.6934 
39500000 -5196.0578 -7114.8209 297.8302 -0.2915 
39550000 -5288.5589 -7219.5693 299.7312 27.3339 
39600000 -5185.643 -7091.6686 295.8531 -49.8114 
39650000 -5140.7224 -7062.6219 298.317 -3.2429 
39700000 -5172.2601 -7142.0195 305.7458 -8.8096 
39750000 -5239.482 -7185.5916 302.0749 -17.4829 
39800000 -5129.6502 -7058.3286 299.3693 -21.9545 
39850000 -5134.2701 -7090.8522 303.7005 2.8096 
39900000 -5125.6991 -7057.0126 299.7783 20.5534 
39950000 -5043.6566 -7059.3557 312.8766 7.4899 
40000000 -5076.4883 -7076.2941 310.4096 -7.6571 
40050000 -5126.3357 -7041.6459 297.2942 17.6899 
40100000 -5225.6729 -7153.275 299.2022 9.1582 
40150000 -5122.6279 -7098.1113 306.6343 1.7044 
40200000 -5070.0617 -6977.7395 296.1095 -10.6339 
40250000 -5197.9605 -7141.3288 301.6494 63.1587 
40300000 -5215.8094 -7162.3746 302.1456 16.2624 
40350000 -5143.0365 -7117.0923 306.4127 -36.1765 
40400000 -5164.7644 -7076.3958 296.7232 -0.6056 
40450000 -5192.5669 -7139.3226 302.1752 -3.5018 
40500000 -5154.7655 -7084.3211 299.5054 -5.7461 
40550000 -5153.9107 -7076.59 298.4381 6.1145 
40600000 -5189.5762 -7109.7257 298.0454 15.3056 
40650000 -5281.0 -7190.3522 296.3695 -44.3565 
40700000 -5160.9595 -7085.5496 298.7347 -8.2915 
40750000 -5158.7648 -7101.3309 301.5249 10.5277 
40800000 -5190.5714 -7172.2707 307.5992 -13.7725 
40850000 -5233.6049 -7160.8148 299.1413 17.2775 
40900000 -5229.0518 -7151.8051 298.4496 21.1291 
40950000 -5121.9611 -7081.036 304.0874 -4.7346 
41000000 -5185.9286 -7082.5745 294.3972 -44.4771 
41050000 -5242.1467 -7142.5943 294.9873 7.466 
41100000 -5068.4675 -7045.1468 306.8199 0.0836 
41150000 -5067.7904 -6970.539 295.3444 -17.6487 
41200000 -5215.0926 -7139.9945 298.7831 -26.137 
41250000 -5216.357 -7120.5814 295.5735 0.2429 
41300000 -5130.3402 -7022.0227 293.6268 -7.5267 
41350000 -5053.847 -6953.848 294.9179 -37.9591 
41400000 -5236.5412 -7158.0328 298.2537 0.3984 
41450000 -5143.7092 -7073.034 299.4696 -5.0781 
41500000 -5291.0842 -7190.4814 294.8242 1.4929 
41550000 -5146.2254 -7095.4197 302.5537 -11.2438 
41600000 -5243.7447 -7190.5808 302.1877 -2.8673 
41650000 -5057.8617 -7037.3014 307.2484 4.8233 
41700000 -5187.6401 -7133.2939 302.0042 -30.6518 
41750000 -5220.2166 -7165.0691 301.8798 -21.8094 
41800000 -5084.829 -7054.4781 305.7287 -3.5027 
41850000 -5180.6553 -7116.972 300.5549 5.9841 
41900000 -5148.9612 -7070.3032 298.2305 -18.6923 
41950000 -5162.1672 -7070.3437 296.1869 8.5859 
42000000 -5225.2848 -7115.4195 293.3865 -1.0398 
42050000 -5238.8345 -7160.6853 298.3095 9.4297 
42100000 -5196.8948 -7125.1671 299.3062 -10.7821 
42150000 -5176.1085 -7140.2468 304.8733 25.8699 
42200000 -5185.9091 -7134.8713 302.5177 12.8743 
42250000 -5259.1231 -7169.0015 296.4511 14.8719 
42300000 -5163.0539 -7117.8494 303.4231 14.6482 
42350000 -5300.2855 -7150.3984 287.1743 -17.782 
42400000 -5190.2569 -7090.3363 294.9301 13.3931 
42450000 -5068.3072 -7025.9069 303.8584 -2.1438 
42500000 -5238.3756 -7152.1061 297.049 -25.7115 
42550000 -5140.7982 -7046.1776 295.7528 31.0524 
42600000 -5277.8931 -7193.4388 297.3308 -4.125 
42650000 -5184.1005 -7086.205 295.2445 -68.4502 
42700000 -5195.2909 -7136.5298 301.3189 -8.5339 
42750000 -5267.252 -7163.9196 294.4005 11.3377 
42800000 -5207.5797 -7131.6174 298.6489 -4.0654 
42850000 -5162.0404 -7111.4051 302.5802 -3.049 
42900000 -5283.428 -7192.1057 296.2648 19.2169 
42950000 -5198.1789 -7123.1381 298.792 -6.6947 
43000000 -5222.5616 -7153.109 299.6594 -22.8247 
43050000 -5080.461 -7031.0901 302.7764 -13.3945 
43100000 -5267.4695 -7134.6936 289.8303 -21.5061 
43150000 -5213.3112 -7143.5867 299.6172 6.5822 
43200000 -5111.0875 -7096.3363 308.1501 12.8898 
43250000 -5262.0796 -7211.6262 302.6084 2.7385 
43300000 -5183.1574 -7129.431 302.1004 11.6041 
43350000 -5096.6785 -7050.8841 303.3316 12.6873 
43400000 -5192.679 -7067.113 290.9494 30.9469 
43450000 -5212.4773 -7142.932 299.645 -48.5909 
43500000 -5225.0471 -7158.7157 300.1438 -8.371 
43550000 -5169.4394 -7051.4518 292.1258 -17.3834 
43600000 -5156.4473 -7035.1748 291.6159 -5.0404 
43650000 -5132.2193 -7096.5031 304.8959 7.8158 
43700000 -5265.0875 -7189.9712 298.7802 45.4819 
43750000 -5165.7257 -7028.7362 289.1763 7.6409 
43800000 -5205.8881 -7127.1635 298.2202 15.1603 
43850000 -5294.5125 -7192.4959 294.6048 -14.8409 
43900000 -5177.8681 -7101.4642 298.5804 2.7067 
43950000 -5036.8706 -7019.484 307.741 -14.9632 
44000000 -5157.9691 -7067.5552 296.4058 -14.4736 
44050000 -5182.7251 -7174.241 309.1229 24.5314 
44100000 -5173.1483 -7119.047 302.0422 -5.5367 
44150000 -5258.07 -7132.7361 290.9855 20.9878 
44200000 -5130.5552 -7083.145 303.0808 1.1109 
44250000 -5222.1339 -7170.0988 302.3629 25.103 
44300000 -5277.493 -7075.8515 279.141 -15.3132 
44350000 -5205.5826 -7151.1386 301.989 7.5332 
44400000 -5180.0357 -7140.9475 304.3725 2.7724 
44450000 -5116.4359 -7060.9826 301.8323 -6.0204 
44500000 -5243.3341 -7171.4854 299.2874 20.2829 
44550000 -5181.6564 -7164.5932 307.7912 7.7294 
44600000 -5208.7556 -7089.0731 291.8627 18.7149 
44650000 -5279.8282 -7170.9735 293.5434 39.4503 
44700000 -5231.6661 -7156.9037 298.8352 26.365 
44750000 -5200.968 -7094.3128 293.8848 -47.0925 
44800000 -5185.9464 -7106.391 298.0912 7.3388 
44850000 -5108.088 -7037.6476 299.506 -35.2449 
44900000 -5198.3422 -7105.4427 296.0199 16.7337 
44950000 -5151.3531 -7092.0935 301.2415 22.7941 
45000000 -5148.2243 -7076.5084 299.3081 5.0241 
45050000 -5234.4009 -7149.8802 297.3205 -38.1901 
45100000 -5074.0508 -7027.4351 303.2041 -17.174 
45150000 -5153.4623 -7105.299 302.9639 -10.9146 
45200000 -5231.9672 -7147.2445 297.2891 -4.85 
45250000 -5186.0452 -7102.4802 297.4688 17.3722 
45300000 -5209.0302 -7122.1989 296.9618 -14.7809 
45350000 -5145.7977 -7088.0867 301.4819 -4.605 
45400000 -5168.6368 -7122.9152 303.3429 -36.9667 
45450000 -5197.5793 -7110.6435 296.9456 17.0997 
45500000 -5210.403 -7113.2258 295.3559 -18.7981 
45550000 -5152.3744 -7112.3278 304.2237 5.4485 
45600000 -5186.9702 -7143.5772 303.7043 -7.6142 
45650000 -5155.678 -7101.6532 302.0541 -34.6252 
45700000 -5219.2039 -7119.4728 294.9595 -13.2206 
45750000 -5271.6442 -7173.4566 295.1991 -2.3464 
45800000 -5124.9617 -7102.869 307.0105 19.0355 
45850000 -5190.0106 -7092.2393 295.2637 -0.4491 
45900000 -5240.8991 -7172.9286 299.8894 -10.3166 
45950000 -5251.5437 -7173.1001 298.2638 -21.4838 
46000000 -5263.2432 -7180.5823 297.6092 5.1603 
46050000 -5134.1106 -7119.1661 308.1201 48.5656 
46100000 -5100.8668 -7083.5719 307.7553 -11.0788 
46150000 -5134.2838 -7034.9501 295.0212 9.0591 
46200000 -5210.0604 -7147.7817 300.7729 -0.5871 
46250000 -5285.8721 -7173.7006 293.0285 -43.2131 
46300000 -5288.7884 -7194.5073 295.8055 21.5797 
46350000 -5087.4963 -7029.0834 301.3729 -17.9303 
46400000 -5164.8794 -7098.4304 300.1256 3.822 
46450000 -5117.8571 -7050.4855 299.9824 8.2364 
46500000 -5258.1449 -7152.1103 293.9811 -5.7207 
46550000 -5108.5305 -7032.4151 298.6252 15.0821 
46600000 -5234.8184 -7117.4885 292.2279 -3.0072 
46650000 -5167.0131 -7112.9127 302.0423 -0.8528 
46700000 -5323.6367 -7216.8903 293.8706 -28.2188 
46750000 -5171.7123 -7106.5379 300.3234 -4.7264 
46800000 -5153.4738 -7141.3679 308.5607 18.282 
46850000 -5241.4585 -7198.7575 303.8118 -8.4941 
46900000 -5211.8194 -7131.6641 297.9981 8.0255 
46950000 -5236.918 -7114.1151 291.3783 -7.7175 
47000000 -5234.9625 -7136.1063 295.0953 -10.5874 
47050000 -5170.5126 -7148.5344 307.0283 -25.5898 
47100000 -5178.1009 -7119.6416 301.3657 38.5882 
47150000 -5195.4071 -7106.9997 296.7172 25.5362 
47200000 -5177.3025 -7109.9075 299.9787 5.1387 
47250000 -5105.4019 -7082.9056 306.9479 32.2828 
47300000 -5185.3807 -7139.1111 303.2578 -12.7913 
47350000 -5204.5618 -7121.0846 297.4825 -0.3001 
47400000 -5247.866 -7105.7988 288.3881 19.93 
47450000 -5119.5572 -7133.0557 312.535 -10.2583 
47500000 -5168.8999 -7108.387 301.047 -39.9522 
47550000 -5216.6414 -7169.4122 303.1089 8.2109 
47600000 -5214.5951 -7129.9377 297.2993 -23.236 
47650000 -5151.7362 -7078.3206 299.0442 15.2904 
47700000 -5164.8766 -7134.4016 305.7095 -2.6848 
47750000 -5172.663 -7135.176 304.6211 29.9954 
47800000 -5206.9098 -7095.0214 293.0725 -17.6321 
47850000 -5211.5027 -7162.3019 302.8028 25.6493 
47900000 -5164.7135 -7106.7401 301.4411 -18.6535 
47950000 -5229.4961 -7153.5084 298.645 -0.6471 
48000000 -5223.5017 -7128.2353 295.6525 22.1283 
48050000 -5232.24 -7110.9684 291.616 9.5674 
48100000 -5095.5958 -7050.8842 303.4996 20.8126 
48150000 -5129.312 -7158.0897 314.9067 -12.3918 
48200000 -5101.1288 -7049.5262 302.43 25.8006 
48250000 -5226.9891 -7121.7717 294.1079 8.11 
48300000 -5277.546 -7132.7497 287.9645 28.2266 
48350000 -5220.7719 -7143.347 298.4219 -25.0251 
48400000 -5282.7832 -7162.5205 291.7726 19.8758 
48450000 -5246.0379 -7173.034 299.1081 30.4004 
48500000 -5117.8613 -7079.1395 304.4294 23.6245 
48550000 -5163.8972 -7093.1458 299.4578 10.581 
48600000 -5124.8718 -7069.5678 301.8555 -8.0861 
48650000 -5252.9007 -7133.1352 291.8498 1.2569 
48700000 -5252.5521 -7196.6574 301.7638 2.6496 
48750000 -5164.86 -7076.8158 296.7736 -8.053 
48800000 -5161.5028 -7061.2716 294.8819 35.0943 
48850000 -5166.2701 -7138.1011 306.0674 -10.2113 
48900000 -5165.6948 -7072.0493 295.9041 -0.5121 
48950000 -5159.8794 -7111.5231 302.9339 16.5707 
49000000 -5143.3945 -7085.0731 301.3872 -9.0831 
49050000 -5253.7019 -7191.9297 300.8515 -3.5336 
49100000 -5150.3837 -7059.753 296.3721 15.6753 
49150000 -5163.0938 -7099.5712 300.5798 -28.6893 
49200000 -5137.741 -7106.6552 305.6146 -4.9845 
49250000 -5199.8293 -7128.0842 299.3035 -27.0329 
49300000 -5215.0573 -7202.9112 308.5545 -2.2646 
49350000 -5183.579 -7123.4413 301.1052 -2.7243 
49400000 -5124.1758 -7074.3425 302.7047 35.6645 
49450000 -5242.1117 -7149.3541 296.042 -9.1645 
49500000 -5162.9307 -7095.4035 299.9582 -10.2489 
49550000 -5141.1187 -7086.4187 301.9493 -0.0315 
49600000 -5209.9957 -7139.9107 299.5612 -2.2879 
49650000 -5236.1316 -7155.1719 297.8732 -18.8626 
49700000 -5226.2339 -7139.9042 297.0397 -39.86 
49750000 -5174.8628 -7087.2981 296.848 23.4292 
49800000 -5175.4446 -7087.9935 296.8656 -13.8998 
49850000 -5139.7912 -7078.0709 300.8596 18.5732 
49900000 -5212.5045 -7102.6912 293.3946 -59.3326 
49950000 -5160.0927 -7116.2639 303.6367 -11.6799 
50000000 -5095.1328 -7073.9333 307.1492 2.7558 
