1 7.238252639770508 
2 7.934998512268066 
3 7.070746421813965 
4 7.126556396484375 
5 7.915560245513916 
6 8.391430854797363 
7 9.180584907531738 
8 7.9411725997924805 
9 8.84045124053955 
10 8.856852531433105 
11 7.3276543617248535 
12 7.846863746643066 
13 7.690512180328369 
14 7.948914051055908 
15 8.437682151794434 
16 8.027578353881836 
17 8.418941497802734 
18 8.085607528686523 
19 8.019874572753906 
20 7.7954840660095215 
21 8.660017967224121 
22 9.16142463684082 
23 8.818831443786621 
24 8.294991493225098 
25 9.820184707641602 
26 9.258416175842285 
27 9.039170265197754 
28 8.518715858459473 
29 8.989953994750977 
30 9.241517066955566 
31 9.796229362487793 
32 9.97869873046875 
33 9.37531566619873 
34 9.10091781616211 
35 9.149320602416992 
36 9.065905570983887 
37 8.68713092803955 
38 8.756978988647461 
39 9.148962020874023 
40 9.035684585571289 
41 8.332679748535156 
42 7.871194839477539 
43 8.870875358581543 
44 8.986612319946289 
45 7.957191467285156 
46 8.322908401489258 
47 8.538579940795898 
48 8.702116966247559 
49 9.210637092590332 
50 9.079874038696289 
51 8.667859077453613 
52 8.050997734069824 
53 9.007111549377441 
54 9.622669219970703 
55 8.616096496582031 
56 9.791886329650879 
57 9.171223640441895 
58 9.799757957458496 
59 9.618297576904297 
60 9.32850456237793 
61 8.492021560668945 
62 9.845502853393555 
63 8.761137962341309 
64 8.743314743041992 
65 9.098906517028809 
66 9.555403709411621 
67 9.672761917114258 
68 9.511652946472168 
69 9.22535228729248 
70 9.086987495422363 
71 9.99116325378418 
72 10.439064025878906 
73 9.117573738098145 
74 8.992292404174805 
75 9.237056732177734 
76 9.737813949584961 
77 8.69581127166748 
78 9.304590225219727 
79 9.676667213439941 
80 9.843974113464355 
81 9.980036735534668 
82 10.29941463470459 
83 10.20821475982666 
84 9.3121919631958 
85 10.33387565612793 
86 9.730680465698242 
87 9.525551795959473 
88 9.237597465515137 
89 9.239882469177246 
90 8.124634742736816 
91 9.622895240783691 
92 9.234121322631836 
93 9.045833587646484 
94 9.001020431518555 
95 9.004631996154785 
96 9.17397689819336 
97 9.623299598693848 
98 9.212120056152344 
99 9.344902992248535 
100 9.48593521118164 
101 9.88216495513916 
102 9.539763450622559 
103 9.156805992126465 
104 9.438272476196289 
105 8.99100399017334 
106 9.850971221923828 
107 9.949562072753906 
108 10.84764289855957 
109 9.663772583007813 
110 8.880971908569336 
111 9.236215591430664 
112 8.533557891845703 
113 9.328693389892578 
114 8.845038414001465 
115 9.67319393157959 
116 9.628942489624023 
117 9.573092460632324 
118 9.453512191772461 
119 10.284461975097656 
120 9.092208862304688 
121 10.008745193481445 
122 9.552447319030762 
123 9.406841278076172 
124 10.209744453430176 
125 9.256587982177734 
126 9.754830360412598 
127 9.654871940612793 
128 9.441571235656738 
129 9.55130672454834 
130 9.638007164001465 
131 9.342090606689453 
132 9.009641647338867 
133 9.56351375579834 
134 9.421674728393555 
135 9.902987480163574 
136 9.784276008605957 
137 9.40849781036377 
138 9.898391723632813 
139 9.602106094360352 
140 9.412747383117676 
141 9.330455780029297 
142 9.847206115722656 
143 9.209370613098145 
144 9.773643493652344 
145 9.693943977355957 
146 9.363375663757324 
147 8.839448928833008 
148 9.276168823242188 
149 9.276646614074707 
150 8.9480562210083 
151 9.663846969604492 
152 9.100568771362305 
153 8.974210739135742 
154 9.791892051696777 
155 9.114630699157715 
156 9.290724754333496 
157 9.594441413879395 
158 9.332680702209473 
159 8.674546241760254 
160 9.464821815490723 
161 9.297126770019531 
162 9.796612739562988 
163 9.26878833770752 
164 9.282182693481445 
165 9.357331275939941 
166 8.735377311706543 
167 8.008321762084961 
168 9.15642261505127 
169 9.18920612335205 
170 9.589853286743164 
171 8.78371810913086 
172 9.083749771118164 
173 9.245208740234375 
174 8.36770248413086 
175 9.279260635375977 
176 8.935209274291992 
177 9.606010437011719 
178 9.155952453613281 
179 8.851813316345215 
180 9.390276908874512 
181 9.510418891906738 
182 9.501182556152344 
183 9.54030704498291 
184 9.351892471313477 
185 9.390217781066895 
186 9.220233917236328 
187 9.727863311767578 
188 9.594508171081543 
189 10.082595825195313 
190 9.084514617919922 
191 9.093879699707031 
192 9.56787395477295 
193 9.326393127441406 
194 8.668915748596191 
195 9.312397956848145 
196 8.980642318725586 
197 8.642521858215332 
198 9.429988861083984 
199 8.906556129455566 
200 9.093052864074707 
201 9.273969650268555 
202 9.273033142089844 
203 9.175107955932617 
204 8.417428016662598 
205 9.239397048950195 
206 8.848252296447754 
207 9.734413146972656 
208 8.960326194763184 
209 8.989446640014648 
210 8.987923622131348 
211 9.783890724182129 
212 8.913834571838379 
213 9.059488296508789 
214 9.081067085266113 
215 8.794958114624023 
216 9.249872207641602 
217 9.579038619995117 
218 8.913803100585938 
219 9.663237571716309 
220 9.34086799621582 
221 9.106552124023438 
222 9.03454875946045 
223 9.496118545532227 
224 8.426751136779785 
225 9.541747093200684 
226 9.059266090393066 
227 9.861717224121094 
228 9.532995223999023 
229 9.490252494812012 
230 8.618501663208008 
231 9.284255027770996 
232 9.346956253051758 
233 9.791359901428223 
234 10.101170539855957 
235 8.479238510131836 
236 9.209515571594238 
237 10.320537567138672 
238 9.7827787399292 
239 9.15130615234375 
240 9.712688446044922 
241 9.345795631408691 
242 9.423853874206543 
243 9.945446014404297 
244 10.005230903625488 
245 9.97435188293457 
246 9.83212947845459 
247 10.083891868591309 
248 10.390548706054688 
249 9.843256950378418 
250 10.20718002319336 
251 10.122726440429688 
252 10.042014122009277 
253 10.064556121826172 
254 10.239249229431152 
255 9.170376777648926 
256 9.81848430633545 
257 9.698596000671387 
258 10.267592430114746 
259 9.163995742797852 
260 9.82548999786377 
261 10.139748573303223 
262 10.17867374420166 
263 9.81748104095459 
264 9.917167663574219 
265 9.835658073425293 
266 10.101268768310547 
267 9.729110717773438 
268 9.881386756896973 
269 8.815718650817871 
270 10.059418678283691 
271 9.929669380187988 
272 9.606101036071777 
273 9.989981651306152 
274 9.44819164276123 
275 10.450859069824219 
276 9.582667350769043 
277 9.682270050048828 
278 8.764809608459473 
279 9.45261001586914 
280 8.93436050415039 
281 9.184955596923828 
282 9.911737442016602 
283 9.562437057495117 
284 9.359762191772461 
285 9.653846740722656 
286 10.34668254852295 
287 10.275945663452148 
288 9.75870418548584 
289 9.88560676574707 
290 9.967207908630371 
291 9.72080135345459 
292 9.81679630279541 
293 10.169039726257324 
294 9.356035232543945 
295 9.78953742980957 
296 9.654792785644531 
297 9.797980308532715 
298 9.771646499633789 
299 9.922273635864258 
300 10.911579132080078 
301 10.217585563659668 
302 9.615856170654297 
303 10.069823265075684 
304 9.83964729309082 
305 9.746312141418457 
306 10.245370864868164 
307 9.924944877624512 
308 10.136120796203613 
309 10.612411499023438 
310 10.275005340576172 
311 10.610013008117676 
312 9.5857572555542 
313 10.185941696166992 
314 10.475963592529297 
315 9.900527954101563 
316 9.859356880187988 
317 9.912213325500488 
318 10.08100700378418 
319 10.218544960021973 
320 10.009472846984863 
321 9.480216979980469 
322 10.481561660766602 
323 10.299107551574707 
324 10.2775239944458 
325 10.466520309448242 
326 9.263265609741211 
327 10.118062973022461 
328 10.382916450500488 
329 10.09006118774414 
330 9.979622840881348 
331 9.886985778808594 
332 10.402027130126953 
333 9.927776336669922 
334 9.655000686645508 
335 9.992096900939941 
336 10.349246978759766 
337 10.77099609375 
338 10.214609146118164 
339 9.825623512268066 
340 9.728365898132324 
341 9.907218933105469 
342 9.711402893066406 
343 10.235410690307617 
344 10.33207893371582 
345 10.670202255249023 
346 10.337703704833984 
347 9.969499588012695 
348 9.700851440429688 
349 9.446284294128418 
350 9.293417930603027 
351 9.868398666381836 
352 9.763781547546387 
353 9.599761009216309 
354 9.917681694030762 
355 9.958443641662598 
356 10.186765670776367 
357 10.422479629516602 
358 10.313838005065918 
359 9.7450532913208 
360 9.84092903137207 
361 9.7828950881958 
362 9.555129051208496 
363 10.444940567016602 
364 9.036908149719238 
365 10.061598777770996 
366 10.29651165008545 
367 9.943224906921387 
368 9.959203720092773 
369 10.428779602050781 
370 10.917359352111816 
371 10.281593322753906 
372 11.651630401611328 
373 9.766654014587402 
374 9.108363151550293 
375 9.74494743347168 
376 9.7162446975708 
377 10.195072174072266 
378 10.305813789367676 
379 10.825721740722656 
380 9.530390739440918 
381 9.05040454864502 
382 9.05981731414795 
383 8.681649208068848 
384 8.379608154296875 
385 8.92581844329834 
386 8.617679595947266 
387 8.379157066345215 
388 9.040528297424316 
389 8.10719108581543 
390 8.266949653625488 
391 8.248108863830566 
392 8.531110763549805 
393 9.045759201049805 
394 8.343194007873535 
395 9.667518615722656 
396 9.491471290588379 
397 10.680925369262695 
398 9.42389965057373 
399 9.768060684204102 
400 9.7736177444458 
401 9.81070327758789 
402 10.726396560668945 
403 11.343062400817871 
404 11.802265167236328 
405 11.13860034942627 
406 11.601306915283203 
407 10.451022148132324 
408 10.75285816192627 
409 10.534775733947754 
410 11.261563301086426 
411 10.872184753417969 
412 10.039229393005371 
413 9.953229904174805 
414 10.922784805297852 
415 10.846851348876953 
416 10.950461387634277 
417 9.925451278686523 
418 10.0530366897583 
419 10.018980979919434 
420 10.811477661132813 
421 11.105155944824219 
422 10.434239387512207 
423 10.285618782043457 
424 11.918087005615234 
425 10.632650375366211 
426 10.620849609375 
427 11.086638450622559 
428 10.273898124694824 
429 10.950353622436523 
430 11.054786682128906 
431 10.159069061279297 
432 10.337477684020996 
433 11.715470314025879 
434 11.2443208694458 
435 11.211339950561523 
436 10.911171913146973 
437 11.194924354553223 
438 11.350015640258789 
439 11.40435791015625 
440 10.789592742919922 
441 11.180108070373535 
442 10.024421691894531 
443 10.293086051940918 
444 10.692740440368652 
445 10.96660327911377 
446 12.004022598266602 
447 10.830100059509277 
448 10.845434188842773 
449 11.100905418395996 
450 10.742369651794434 
451 11.09404468536377 
452 10.771482467651367 
453 11.096877098083496 
454 10.399086952209473 
455 10.723998069763184 
456 10.068184852600098 
457 10.520180702209473 
458 11.017383575439453 
459 10.736856460571289 
460 11.452580451965332 
461 10.343835830688477 
462 10.650911331176758 
463 10.487711906433105 
464 10.490080833435059 
465 10.165056228637695 
466 10.226635932922363 
467 11.119675636291504 
468 10.782495498657227 
469 10.650704383850098 
470 9.909762382507324 
471 10.589262962341309 
472 10.586505889892578 
473 11.123022079467773 
474 11.643533706665039 
475 9.418534278869629 
476 10.279350280761719 
477 10.523089408874512 
478 10.46682357788086 
479 10.156609535217285 
480 9.590764045715332 
481 9.65368938446045 
482 8.499706268310547 
483 9.982513427734375 
484 9.868139266967773 
485 10.38273811340332 
486 10.171606063842773 
487 10.17199993133545 
488 10.772496223449707 
489 10.073325157165527 
490 10.043885231018066 
491 10.261734008789063 
492 9.136198997497559 
493 10.1342134475708 
494 9.81335735321045 
495 9.229910850524902 
496 9.336877822875977 
497 8.990488052368164 
498 9.041409492492676 
499 8.950855255126953 
500 8.789328575134277 
501 9.167890548706055 
502 8.934324264526367 
503 8.55521011352539 
504 9.446508407592773 
505 9.4610013961792 
506 9.108222961425781 
507 9.225848197937012 
508 8.902198791503906 
509 8.402583122253418 
510 9.262731552124023 
511 9.508659362792969 
512 9.682225227355957 
513 9.085953712463379 
514 9.174524307250977 
515 9.096745491027832 
516 8.618452072143555 
517 8.023025512695313 
518 8.510746002197266 
519 9.610754013061523 
520 9.991507530212402 
521 10.066763877868652 
522 11.151398658752441 
523 11.272015571594238 
524 10.494214057922363 
525 10.304527282714844 
526 10.436735153198242 
527 11.277507781982422 
528 9.748340606689453 
529 10.604337692260742 
530 11.038131713867188 
531 10.779436111450195 
532 10.548203468322754 
533 9.867645263671875 
534 10.667896270751953 
535 9.327693939208984 
536 11.07046127319336 
537 10.493942260742188 
538 9.092020034790039 
539 9.790132522583008 
540 9.748586654663086 
541 10.417362213134766 
542 10.124855041503906 
543 10.357501029968262 
544 9.87086009979248 
545 9.91507339477539 
546 10.074027061462402 
547 9.859030723571777 
548 9.332121849060059 
549 9.740657806396484 
550 10.175793647766113 
551 10.517312049865723 
552 10.42602825164795 
553 10.034789085388184 
554 10.014445304870605 
555 9.751884460449219 
556 9.843523025512695 
557 10.161120414733887 
558 9.875285148620605 
559 10.028959274291992 
560 9.421905517578125 
561 9.686888694763184 
562 10.123903274536133 
563 9.685752868652344 
564 10.419259071350098 
565 10.117205619812012 
566 10.455525398254395 
567 9.870162010192871 
568 10.322096824645996 
569 9.629498481750488 
570 10.282174110412598 
571 10.434002876281738 
572 10.400602340698242 
573 10.30112361907959 
574 10.263707160949707 
575 9.86760425567627 
576 10.612805366516113 
577 9.63563060760498 
578 10.39574146270752 
579 10.872119903564453 
580 9.599803924560547 
581 9.983498573303223 
582 9.867817878723145 
583 10.74416446685791 
584 10.830046653747559 
585 10.024191856384277 
586 10.268261909484863 
587 10.965529441833496 
588 11.123010635375977 
589 11.241025924682617 
590 10.756730079650879 
591 9.870200157165527 
592 10.225425720214844 
593 11.832799911499023 
594 11.150432586669922 
595 10.013185501098633 
596 10.132019996643066 
597 9.715453147888184 
598 9.891020774841309 
599 9.597142219543457 
600 10.055069923400879 
601 9.687899589538574 
602 10.355243682861328 
603 9.54508113861084 
604 9.855981826782227 
605 10.496573448181152 
606 10.070003509521484 
607 10.213912963867188 
608 10.5829496383667 
609 11.706783294677734 
610 11.142862319946289 
611 10.26254940032959 
612 10.263740539550781 
613 10.294763565063477 
614 9.576980590820313 
615 10.0602388381958 
616 9.605948448181152 
617 10.44459342956543 
618 10.399563789367676 
619 9.54637622833252 
620 9.963079452514648 
621 10.085756301879883 
622 10.081624984741211 
623 10.719184875488281 
624 10.733531951904297 
625 11.492273330688477 
626 11.61948299407959 
627 11.365021705627441 
628 11.040140151977539 
629 10.6143217086792 
630 11.769312858581543 
631 11.54275894165039 
632 10.81361198425293 
633 10.622957229614258 
634 11.175077438354492 
635 10.686567306518555 
636 11.7685546875 
637 10.580127716064453 
638 11.146479606628418 
639 11.138137817382813 
640 10.166343688964844 
641 9.526790618896484 
642 9.850357055664063 
643 9.49952220916748 
644 10.10041332244873 
645 9.655191421508789 
646 9.959505081176758 
647 9.346766471862793 
648 9.645895957946777 
649 9.598895072937012 
650 9.759202003479004 
651 9.87924861907959 
652 10.561651229858398 
653 9.133231163024902 
654 9.996138572692871 
655 9.390789031982422 
656 8.684635162353516 
657 9.115565299987793 
658 8.656228065490723 
659 9.827189445495605 
660 9.429455757141113 
661 10.121853828430176 
662 8.687910079956055 
663 9.773923873901367 
664 10.191466331481934 
665 9.806095123291016 
666 9.853507041931152 
667 9.168292045593262 
668 11.16380500793457 
669 11.355411529541016 
670 11.748310089111328 
671 12.039057731628418 
672 12.122214317321777 
673 10.955892562866211 
674 10.634233474731445 
675 10.62522029876709 
676 11.509303092956543 
677 11.001070976257324 
678 9.474194526672363 
679 9.598559379577637 
680 10.640433311462402 
681 9.464872360229492 
682 10.288697242736816 
683 9.851821899414063 
684 9.661602020263672 
685 9.910846710205078 
686 9.204059600830078 
687 9.735648155212402 
688 10.879359245300293 
689 11.117260932922363 
690 12.026997566223145 
691 10.294717788696289 
692 9.855696678161621 
693 9.949514389038086 
694 10.855844497680664 
695 10.20036506652832 
696 10.549820899963379 
697 10.137399673461914 
698 10.411676406860352 
699 10.503458023071289 
700 10.763933181762695 
701 10.851536750793457 
702 10.283031463623047 
703 11.007078170776367 
704 10.68663501739502 
705 10.922143936157227 
706 10.985400199890137 
707 10.406794548034668 
708 11.839839935302734 
709 10.729142189025879 
710 11.987727165222168 
711 12.031698226928711 
712 11.15331745147705 
713 11.617385864257813 
714 11.659539222717285 
715 11.732272148132324 
716 11.69237995147705 
717 11.724324226379395 
718 11.438247680664063 
719 11.611051559448242 
720 11.509922981262207 
721 11.57992172241211 
722 11.397400856018066 
723 11.22166633605957 
724 11.788590431213379 
725 10.512127876281738 
726 11.561212539672852 
727 11.43537425994873 
728 11.353713989257813 
729 11.047666549682617 
730 10.564265251159668 
731 9.041927337646484 
732 10.974733352661133 
733 10.538341522216797 
734 9.875908851623535 
735 10.876969337463379 
736 10.349410057067871 
737 9.993037223815918 
738 10.40402889251709 
739 9.928995132446289 
740 11.18278980255127 
741 10.626348495483398 
742 9.60550594329834 
743 9.587369918823242 
744 9.539234161376953 
745 9.85552978515625 
746 9.921420097351074 
747 10.503020286560059 
748 9.70846939086914 
749 9.714197158813477 
750 10.464599609375 
751 9.504313468933105 
752 9.396443367004395 
753 9.288724899291992 
754 9.095865249633789 
755 9.952194213867188 
756 10.775548934936523 
757 9.713869094848633 
758 8.883953094482422 
759 10.396712303161621 
760 11.050732612609863 
761 10.716793060302734 
762 10.628714561462402 
763 11.467844009399414 
764 11.356287956237793 
765 11.293173789978027 
766 11.4060697555542 
767 11.09046745300293 
768 11.130636215209961 
769 9.582720756530762 
770 9.747011184692383 
771 9.141403198242188 
772 9.078683853149414 
773 9.358673095703125 
774 9.525285720825195 
775 10.700827598571777 
776 8.930545806884766 
777 10.527191162109375 
778 9.304465293884277 
779 10.021429061889648 
780 9.025888442993164 
781 9.672691345214844 
782 9.361791610717773 
783 10.376212120056152 
784 10.743033409118652 
785 10.353973388671875 
786 9.042404174804688 
787 9.279990196228027 
788 8.927680015563965 
789 8.861837387084961 
790 8.71212387084961 
791 8.90611743927002 
792 8.700069427490234 
793 8.76261043548584 
794 9.192106246948242 
795 8.415421485900879 
796 7.723806858062744 
797 8.743684768676758 
798 8.916754722595215 
799 8.523368835449219 
800 8.842703819274902 
801 9.484737396240234 
802 8.866474151611328 
803 8.180257797241211 
804 9.295774459838867 
805 9.171060562133789 
806 8.470075607299805 
807 9.445279121398926 
808 9.664464950561523 
809 9.49670124053955 
810 8.971467971801758 
811 9.662553787231445 
812 9.207799911499023 
813 9.350698471069336 
814 9.068826675415039 
815 9.652705192565918 
816 9.549695014953613 
817 8.90156078338623 
818 9.587594985961914 
819 11.562167167663574 
820 10.918893814086914 
821 10.149626731872559 
822 10.258224487304688 
823 10.693028450012207 
824 9.257752418518066 
825 8.979955673217773 
826 9.907770156860352 
827 9.289950370788574 
828 9.69541072845459 
829 8.503735542297363 
830 10.139183044433594 
831 9.406766891479492 
832 8.951519012451172 
833 9.190412521362305 
834 9.19433879852295 
835 9.660369873046875 
836 8.997356414794922 
837 8.951128005981445 
838 9.465579986572266 
839 8.554463386535645 
840 7.966520309448242 
841 9.083544731140137 
842 9.151042938232422 
843 9.479729652404785 
844 9.250749588012695 
845 8.451008796691895 
846 9.740765571594238 
847 9.986534118652344 
848 9.579950332641602 
849 9.105640411376953 
850 9.631528854370117 
851 10.707040786743164 
852 9.382608413696289 
853 9.772144317626953 
854 10.53404426574707 
855 9.759552001953125 
856 9.720291137695313 
857 10.402812004089355 
858 9.909711837768555 
859 9.632819175720215 
860 9.823723793029785 
861 9.83089828491211 
862 9.934086799621582 
863 9.82239055633545 
864 10.151994705200195 
865 10.766332626342773 
866 9.64013671875 
867 10.414281845092773 
868 10.785370826721191 
869 10.019947052001953 
870 10.399177551269531 
871 10.171625137329102 
872 10.41176986694336 
873 10.626520156860352 
874 10.738136291503906 
875 8.874641418457031 
876 10.395940780639648 
877 10.067166328430176 
878 10.135390281677246 
879 10.3909912109375 
880 9.537299156188965 
881 8.789701461791992 
882 9.648004531860352 
883 9.137406349182129 
884 10.098292350769043 
885 9.381871223449707 
886 8.887120246887207 
887 9.366765022277832 
888 10.775232315063477 
889 12.082293510437012 
890 11.215092658996582 
891 10.632110595703125 
892 9.56551456451416 
893 8.418561935424805 
894 9.02429485321045 
895 8.683932304382324 
896 8.849437713623047 
897 9.284710884094238 
898 8.133756637573242 
899 9.950690269470215 
900 10.841691970825195 
901 10.37281322479248 
902 9.804204940795898 
903 10.853167533874512 
904 9.681042671203613 
905 10.722405433654785 
906 10.222518920898438 
907 9.611250877380371 
908 9.494064331054688 
909 9.922593116760254 
910 10.723259925842285 
911 10.484502792358398 
912 10.403803825378418 
913 9.351093292236328 
914 10.336912155151367 
915 10.288098335266113 
916 9.776472091674805 
917 11.1116304397583 
918 9.582867622375488 
919 9.779219627380371 
920 9.959089279174805 
921 9.88540267944336 
922 10.80523681640625 
923 10.708893775939941 
924 10.72436809539795 
925 10.255845069885254 
926 10.028918266296387 
927 10.079672813415527 
928 9.398000717163086 
929 11.37072467803955 
930 9.990647315979004 
931 10.507402420043945 
932 10.796317100524902 
933 10.232749938964844 
934 9.911519050598145 
935 10.597848892211914 
936 10.933897018432617 
937 11.048299789428711 
938 10.288272857666016 
939 10.02452564239502 
940 10.004545211791992 
941 9.303277015686035 
942 10.469995498657227 
943 10.38315200805664 
944 10.417549133300781 
945 10.123773574829102 
946 10.346334457397461 
947 10.939815521240234 
948 9.707058906555176 
949 10.884126663208008 
950 11.338048934936523 
951 9.8739013671875 
952 10.79202938079834 
953 9.539726257324219 
954 11.002493858337402 
955 10.156474113464355 
956 10.233902931213379 
957 9.551595687866211 
958 9.634681701660156 
959 9.380667686462402 
960 9.098413467407227 
961 8.583789825439453 
962 9.156187057495117 
963 9.520953178405762 
964 8.985807418823242 
965 8.584227561950684 
966 10.131810188293457 
967 8.964475631713867 
968 9.041553497314453 
969 8.09749984741211 
970 8.480459213256836 
971 8.079018592834473 
972 7.931844234466553 
973 8.748909950256348 
974 7.37033224105835 
975 7.640619277954102 
976 7.60639762878418 
977 9.042131423950195 
978 8.274312973022461 
979 8.551602363586426 
980 8.529545783996582 
981 7.746912479400635 
982 9.105520248413086 
983 9.13050651550293 
984 8.035122871398926 
985 8.156755447387695 
986 9.213875770568848 
987 8.264705657958984 
988 8.377019882202148 
989 9.464690208435059 
990 9.044523239135742 
991 10.203699111938477 
992 10.731595039367676 
993 9.821573257446289 
994 10.415587425231934 
995 10.455192565917969 
996 10.272395133972168 
997 9.829337120056152 
998 9.170000076293945 
999 9.731355667114258 
1000 9.635369300842285 
