1 1.9898216724395752 
2 2.247138738632202 
3 2.1135566234588623 
4 2.096071243286133 
5 2.3432397842407227 
6 2.5212645530700684 
7 2.6062393188476563 
8 2.3898537158966064 
9 2.5048110485076904 
10 2.583601951599121 
11 2.2919020652770996 
12 2.393357753753662 
13 2.328800678253174 
14 2.4700376987457275 
15 2.541562795639038 
16 2.4685354232788086 
17 2.561432361602783 
18 2.5311498641967773 
19 2.452157974243164 
20 2.4311108589172363 
21 2.623964548110962 
22 2.656883955001831 
23 2.5476882457733154 
24 2.471992254257202 
25 2.8014135360717773 
26 2.6745848655700684 
27 2.623030185699463 
28 2.5126545429229736 
29 2.5668017864227295 
30 2.720996856689453 
31 2.7835633754730225 
32 2.779378652572632 
33 2.7456467151641846 
34 2.6538476943969727 
35 2.7481372356414795 
36 2.690215587615967 
37 2.5909619331359863 
38 2.6017026901245117 
39 2.6789588928222656 
40 2.678766965866089 
41 2.48325777053833 
42 2.3371691703796387 
43 2.558483839035034 
44 2.5980119705200195 
45 2.395801067352295 
46 2.448545217514038 
47 2.4749202728271484 
48 2.4923834800720215 
49 2.5548455715179443 
50 2.5602920055389404 
51 2.5264360904693604 
52 2.4075112342834473 
53 2.5247578620910645 
54 2.693027973175049 
55 2.519319534301758 
56 2.7936525344848633 
57 2.567098617553711 
58 2.6849236488342285 
59 2.6783080101013184 
60 2.6675848960876465 
61 2.448627471923828 
62 2.7234888076782227 
63 2.5324103832244873 
64 2.449733018875122 
65 2.5783581733703613 
66 2.7692019939422607 
67 2.7923388481140137 
68 2.6735191345214844 
69 2.6776247024536133 
70 2.575559139251709 
71 2.735678195953369 
72 2.9265575408935547 
73 2.6659295558929443 
74 2.5874459743499756 
75 2.663187026977539 
76 2.7617456912994385 
77 2.564145088195801 
78 2.61480975151062 
79 2.7208075523376465 
80 2.777897357940674 
81 2.7419557571411133 
82 2.8594534397125244 
83 2.8414907455444336 
84 2.6986243724823 
85 2.903184175491333 
86 2.7149274349212646 
87 2.724153995513916 
88 2.5777387619018555 
89 2.6514930725097656 
90 2.374500036239624 
91 2.732739210128784 
92 2.6204493045806885 
93 2.580273151397705 
94 2.5736329555511475 
95 2.5938518047332764 
96 2.6716442108154297 
97 2.713850736618042 
98 2.6879756450653076 
99 2.686943292617798 
100 2.6523361206054688 
101 2.7801501750946045 
102 2.6197261810302734 
103 2.5469677448272705 
104 2.572389602661133 
105 2.5336754322052 
106 2.72941517829895 
107 2.7711915969848633 
108 2.9251983165740967 
109 2.727020502090454 
110 2.5050549507141113 
111 2.6436336040496826 
112 2.6035187244415283 
113 2.660804271697998 
114 2.5677194595336914 
115 2.6834652423858643 
116 2.747313976287842 
117 2.6837282180786133 
118 2.693281412124634 
119 2.785905599594116 
120 2.652010917663574 
121 2.7650420665740967 
122 2.6623480319976807 
123 2.7129862308502197 
124 2.8550374507904053 
125 2.575031042098999 
126 2.67225980758667 
127 2.7226369380950928 
128 2.580185651779175 
129 2.6895930767059326 
130 2.765868902206421 
131 2.583814859390259 
132 2.569429636001587 
133 2.686210870742798 
134 2.627941131591797 
135 2.711832284927368 
136 2.7246716022491455 
137 2.6742331981658936 
138 2.747352361679077 
139 2.6782000064849854 
140 2.6563236713409424 
141 2.6133625507354736 
142 2.7245943546295166 
143 2.5684051513671875 
144 2.6543056964874268 
145 2.6589224338531494 
146 2.612942934036255 
147 2.511199712753296 
148 2.566239356994629 
149 2.611762523651123 
150 2.4741127490997314 
151 2.708028793334961 
152 2.555999755859375 
153 2.4955201148986816 
154 2.6734671592712402 
155 2.6188082695007324 
156 2.6108932495117188 
157 2.739368200302124 
158 2.6357882022857666 
159 2.4630072116851807 
160 2.6285927295684814 
161 2.5509464740753174 
162 2.672492742538452 
163 2.5649685859680176 
164 2.5692484378814697 
165 2.5699660778045654 
166 2.46160888671875 
167 2.2603721618652344 
168 2.5177114009857178 
169 2.5329504013061523 
170 2.608556032180786 
171 2.460418224334717 
172 2.5376107692718506 
173 2.5388331413269043 
174 2.407444953918457 
175 2.604794979095459 
176 2.5082037448883057 
177 2.6529700756073 
178 2.5925557613372803 
179 2.4858345985412598 
180 2.632842779159546 
181 2.614133596420288 
182 2.625718116760254 
183 2.5757052898406982 
184 2.6222310066223145 
185 2.529484748840332 
186 2.551884889602661 
187 2.6082382202148438 
188 2.633727550506592 
189 2.757826328277588 
190 2.5598411560058594 
191 2.542332649230957 
192 2.6591107845306396 
193 2.6342966556549072 
194 2.4895081520080566 
195 2.666269063949585 
196 2.535912275314331 
197 2.4123528003692627 
198 2.581956148147583 
199 2.447202682495117 
200 2.49202823638916 
201 2.5685765743255615 
202 2.593296766281128 
203 2.5293712615966797 
204 2.3416659832000732 
205 2.5696957111358643 
206 2.5032718181610107 
207 2.656601667404175 
208 2.4661974906921387 
209 2.4900431632995605 
210 2.507483720779419 
211 2.683919668197632 
212 2.49438738822937 
213 2.526766300201416 
214 2.538587808609009 
215 2.463693618774414 
216 2.562540292739868 
217 2.6342484951019287 
218 2.507205009460449 
219 2.680114507675171 
220 2.624645471572876 
221 2.5653889179229736 
222 2.5593323707580566 
223 2.603255271911621 
224 2.3934683799743652 
225 2.6724154949188232 
226 2.538877010345459 
227 2.650571823120117 
228 2.608006000518799 
229 2.622636318206787 
230 2.464669942855835 
231 2.6220076084136963 
232 2.6065735816955566 
233 2.7283823490142822 
234 2.7454605102539063 
235 2.472998857498169 
236 2.579235315322876 
237 2.812469959259033 
238 2.7858457565307617 
239 2.618595838546753 
240 2.7756457328796387 
241 2.6161460876464844 
242 2.6946160793304443 
243 2.743137836456299 
244 2.741795539855957 
245 2.7510924339294434 
246 2.6981000900268555 
247 2.757295608520508 
248 2.9168221950531006 
249 2.728084087371826 
250 2.8583157062530518 
251 2.81740140914917 
252 2.7417027950286865 
253 2.768955707550049 
254 2.852496862411499 
255 2.5773041248321533 
256 2.7086663246154785 
257 2.6922836303710938 
258 2.820974349975586 
259 2.512240171432495 
260 2.7707974910736084 
261 2.811488628387451 
262 2.772658109664917 
263 2.709104299545288 
264 2.7421939373016357 
265 2.7149527072906494 
266 2.8209805488586426 
267 2.6843063831329346 
268 2.7692129611968994 
269 2.480699300765991 
270 2.825144052505493 
271 2.7315433025360107 
272 2.6579298973083496 
273 2.720090627670288 
274 2.6447675228118896 
275 2.844485282897949 
276 2.636061906814575 
277 2.666234254837036 
278 2.4902291297912598 
279 2.6249969005584717 
280 2.473130702972412 
281 2.565525531768799 
282 2.7182199954986572 
283 2.636465311050415 
284 2.598775625228882 
285 2.705181121826172 
286 2.8872156143188477 
287 2.7656166553497314 
288 2.693052053451538 
289 2.7683727741241455 
290 2.756408452987671 
291 2.6706881523132324 
292 2.6768946647644043 
293 2.7164499759674072 
294 2.592501401901245 
295 2.6627542972564697 
296 2.639163017272949 
297 2.634929656982422 
298 2.647214412689209 
299 2.6727283000946045 
300 2.8806443214416504 
301 2.745103120803833 
302 2.6446752548217773 
303 2.792215347290039 
304 2.8145968914031982 
305 2.748345136642456 
306 2.8631107807159424 
307 2.838331937789917 
308 2.841848611831665 
309 2.8760688304901123 
310 2.795057773590088 
311 2.96551251411438 
312 2.8270986080169678 
313 2.8838250637054443 
314 2.9577879905700684 
315 2.87386155128479 
316 2.87825083732605 
317 2.873192310333252 
318 2.9043502807617188 
319 2.9922101497650146 
320 2.9642670154571533 
321 2.7802159786224365 
322 3.0611138343811035 
323 3.0481221675872803 
324 3.0297744274139404 
325 3.0224099159240723 
326 2.8404345512390137 
327 2.9307422637939453 
328 2.936086654663086 
329 2.8949785232543945 
330 2.8361852169036865 
331 2.8441758155822754 
332 2.932307481765747 
333 2.8725454807281494 
334 2.8253183364868164 
335 2.860805034637451 
336 2.929495334625244 
337 3.121492862701416 
338 2.9542441368103027 
339 2.8244307041168213 
340 2.825944423675537 
341 2.7758967876434326 
342 2.773908853530884 
343 2.960676908493042 
344 2.9943833351135254 
345 2.984553575515747 
346 2.945413112640381 
347 2.7654411792755127 
348 2.756443977355957 
349 2.716156244277954 
350 2.687889337539673 
351 2.7759132385253906 
352 2.8251821994781494 
353 2.6994194984436035 
354 2.816082000732422 
355 2.830648183822632 
356 2.9582483768463135 
357 2.938577890396118 
358 2.862401247024536 
359 2.758082389831543 
360 2.801417589187622 
361 2.852330207824707 
362 2.8021621704101563 
363 2.917607307434082 
364 2.6116747856140137 
365 2.862999200820923 
366 2.889401435852051 
367 2.9422099590301514 
368 2.8131213188171387 
369 2.975515604019165 
370 3.019853115081787 
371 2.927666187286377 
372 3.2161948680877686 
373 2.829376459121704 
374 2.6747353076934814 
375 2.786669969558716 
376 2.734077215194702 
377 2.8967552185058594 
378 2.9049196243286133 
379 3.0416839122772217 
380 2.7561264038085938 
381 2.6502604484558105 
382 2.6655983924865723 
383 2.5921549797058105 
384 2.611987590789795 
385 2.701411485671997 
386 2.6915924549102783 
387 2.576521873474121 
388 2.6997578144073486 
389 2.486454725265503 
390 2.5178349018096924 
391 2.521054983139038 
392 2.5766048431396484 
393 2.6727020740509033 
394 2.596338987350464 
395 2.909553289413452 
396 2.862903594970703 
397 3.1101090908050537 
398 2.8920750617980957 
399 2.931708335876465 
400 2.964106798171997 
401 3.038978099822998 
402 3.20462965965271 
403 3.355747938156128 
404 3.441389322280884 
405 3.2295427322387695 
406 3.446979522705078 
407 3.0700273513793945 
408 3.1512866020202637 
409 3.138079881668091 
410 3.29632830619812 
411 3.176018714904785 
412 3.0293333530426025 
413 3.088726758956909 
414 3.1500120162963867 
415 3.1792995929718018 
416 3.0947797298431396 
417 2.8993585109710693 
418 3.0478403568267822 
419 3.0442397594451904 
420 3.1838066577911377 
421 3.214953899383545 
422 3.102060317993164 
423 3.0800931453704834 
424 3.4072046279907227 
425 3.142618179321289 
426 3.1422770023345947 
427 3.306023359298706 
428 3.0787405967712402 
429 3.199876308441162 
430 3.1640357971191406 
431 3.102057695388794 
432 3.1138322353363037 
433 3.3411905765533447 
434 3.208205461502075 
435 3.203108072280884 
436 3.150761842727661 
437 3.1964924335479736 
438 3.223740577697754 
439 3.268388032913208 
440 3.1357293128967285 
441 3.2045817375183105 
442 2.9288570880889893 
443 2.947524070739746 
444 3.111565589904785 
445 3.099632740020752 
446 3.3367691040039063 
447 3.109428882598877 
448 3.1379079818725586 
449 3.1806955337524414 
450 3.0627918243408203 
451 3.1745357513427734 
452 3.124948024749756 
453 3.1696102619171143 
454 3.0385239124298096 
455 3.0438191890716553 
456 2.9540066719055176 
457 3.0532114505767822 
458 3.130368947982788 
459 3.0776984691619873 
460 3.155851364135742 
461 3.05440092086792 
462 3.0967392921447754 
463 2.9979989528656006 
464 3.0152788162231445 
465 3.018486261367798 
466 3.005809783935547 
467 3.141894578933716 
468 3.0994083881378174 
469 3.0366177558898926 
470 2.932168960571289 
471 3.0697150230407715 
472 3.0598199367523193 
473 3.126397132873535 
474 3.303835391998291 
475 2.8407773971557617 
476 3.0281410217285156 
477 3.0207278728485107 
478 3.072145462036133 
479 2.9527580738067627 
480 2.874662399291992 
481 2.8464016914367676 
482 2.642204523086548 
483 2.975203037261963 
484 2.9437310695648193 
485 3.0819082260131836 
486 2.951601266860962 
487 3.0407216548919678 
488 3.0959458351135254 
489 2.8933563232421875 
490 2.961749792098999 
491 2.966622829437256 
492 2.6736178398132324 
493 3.015564441680908 
494 2.9779348373413086 
495 2.822676181793213 
496 2.7806875705718994 
497 2.676724433898926 
498 2.714592695236206 
499 2.736924648284912 
500 2.7517809867858887 
501 2.8356215953826904 
502 2.8545422554016113 
503 2.6780285835266113 
504 2.777186632156372 
505 2.7541041374206543 
506 2.7812747955322266 
507 2.8753275871276855 
508 2.662642478942871 
509 2.622945547103882 
510 2.8195278644561768 
511 2.8029870986938477 
512 2.8216898441314697 
513 2.76269793510437 
514 2.796381711959839 
515 2.708373785018921 
516 2.732531785964966 
517 2.619154453277588 
518 2.5843586921691895 
519 2.849867343902588 
520 2.8482351303100586 
521 2.9294440746307373 
522 3.126976728439331 
523 3.1925721168518066 
524 3.013345241546631 
525 2.9687769412994385 
526 3.004533529281616 
527 3.1609158515930176 
528 2.913163661956787 
529 3.078619956970215 
530 3.179943084716797 
531 3.081724166870117 
532 3.042865753173828 
533 2.917882204055786 
534 3.0491080284118652 
535 2.7775931358337402 
536 3.0969138145446777 
537 2.9676854610443115 
538 2.7013700008392334 
539 2.7879154682159424 
540 2.9003801345825195 
541 2.9972784519195557 
542 2.937623977661133 
543 3.0190961360931396 
544 2.912994623184204 
545 2.987544536590576 
546 3.0253195762634277 
547 2.9850778579711914 
548 2.960521936416626 
549 2.9481253623962402 
550 2.985604763031006 
551 3.0989773273468018 
552 3.0384364128112793 
553 3.0457253456115723 
554 2.952514886856079 
555 2.9201390743255615 
556 2.9532411098480225 
557 3.035743236541748 
558 3.1071524620056152 
559 3.047006368637085 
560 2.848830461502075 
561 2.896913766860962 
562 3.0112950801849365 
563 2.914625883102417 
564 3.1414363384246826 
565 3.023442268371582 
566 3.027107000350952 
567 2.936600685119629 
568 3.086995840072632 
569 2.900862693786621 
570 2.9160234928131104 
571 2.995467185974121 
572 3.0262386798858643 
573 3.0075149536132813 
574 3.0390074253082275 
575 2.92983078956604 
576 3.0166430473327637 
577 2.8633615970611572 
578 3.042553424835205 
579 3.1203372478485107 
580 2.900217056274414 
581 2.9317867755889893 
582 2.9382641315460205 
583 3.0591375827789307 
584 3.1019411087036133 
585 2.967200994491577 
586 2.9883296489715576 
587 3.1619346141815186 
588 3.196242570877075 
589 3.1851649284362793 
590 3.1579489707946777 
591 3.001488208770752 
592 3.021860122680664 
593 3.364471435546875 
594 3.1370761394500732 
595 2.908463716506958 
596 2.948251247406006 
597 2.9343154430389404 
598 2.9164066314697266 
599 2.875028133392334 
600 2.968949556350708 
601 2.866352081298828 
602 3.0237088203430176 
603 2.8692033290863037 
604 2.8743486404418945 
605 3.0750224590301514 
606 2.9271953105926514 
607 2.9284605979919434 
608 3.057321548461914 
609 3.350097894668579 
610 3.143404960632324 
611 2.964566707611084 
612 2.949063301086426 
613 2.9673879146575928 
614 2.8860042095184326 
615 2.927992582321167 
616 2.914187431335449 
617 2.9590511322021484 
618 2.9459762573242188 
619 2.8600919246673584 
620 2.910599708557129 
621 2.9058871269226074 
622 2.935171365737915 
623 3.027292490005493 
624 3.1309993267059326 
625 3.2450878620147705 
626 3.252429962158203 
627 3.1875388622283936 
628 3.1374351978302 
629 3.066255569458008 
630 3.2824463844299316 
631 3.2568702697753906 
632 3.143616199493408 
633 3.0936591625213623 
634 3.1548585891723633 
635 3.106396436691284 
636 3.280689001083374 
637 3.036787748336792 
638 3.11995267868042 
639 3.153085708618164 
640 2.9837288856506348 
641 2.8033382892608643 
642 2.949666976928711 
643 2.9018821716308594 
644 3.008477210998535 
645 2.8283002376556396 
646 2.879639148712158 
647 2.7721598148345947 
648 2.8094732761383057 
649 2.779315233230591 
650 2.8928000926971436 
651 2.849565267562866 
652 3.0077192783355713 
653 2.7367794513702393 
654 2.8895301818847656 
655 2.7883195877075195 
656 2.7429141998291016 
657 2.7235541343688965 
658 2.674294948577881 
659 2.898855447769165 
660 2.759456157684326 
661 2.860464572906494 
662 2.622084856033325 
663 2.9060404300689697 
664 2.9407143592834473 
665 2.8124732971191406 
666 2.9508442878723145 
667 2.7291390895843506 
668 3.20129132270813 
669 3.1994521617889404 
670 3.3051371574401855 
671 3.2944180965423584 
672 3.3788328170776367 
673 3.1232550144195557 
674 3.0987956523895264 
675 3.096712350845337 
676 3.251957654953003 
677 3.0940287113189697 
678 2.795870304107666 
679 2.838013172149658 
680 3.039804458618164 
681 2.80417537689209 
682 2.9696309566497803 
683 2.9081804752349854 
684 2.9253482818603516 
685 2.974123954772949 
686 2.7713069915771484 
687 2.9511005878448486 
688 3.141908645629883 
689 3.224558115005493 
690 3.3447959423065186 
691 2.9827356338500977 
692 2.861311912536621 
693 2.926738977432251 
694 3.1304285526275635 
695 3.0012197494506836 
696 3.061666250228882 
697 3.0481138229370117 
698 3.1051528453826904 
699 3.1474194526672363 
700 3.1961867809295654 
701 3.154569387435913 
702 2.9810822010040283 
703 3.1426925659179688 
704 3.055593729019165 
705 3.1858322620391846 
706 3.1973114013671875 
707 3.1026241779327393 
708 3.3683922290802 
709 3.1050479412078857 
710 3.368746519088745 
711 3.3997068405151367 
712 3.166452169418335 
713 3.2902817726135254 
714 3.277749538421631 
715 3.340259552001953 
716 3.35658597946167 
717 3.2752487659454346 
718 3.181408405303955 
719 3.250992774963379 
720 3.2629146575927734 
721 3.27982234954834 
722 3.259570837020874 
723 3.1908271312713623 
724 3.2886996269226074 
725 3.0879149436950684 
726 3.246886968612671 
727 3.2265212535858154 
728 3.150454044342041 
729 3.1146185398101807 
730 3.0465891361236572 
731 2.7689719200134277 
732 3.1405222415924072 
733 3.0265889167785645 
734 2.9527668952941895 
735 3.2392187118530273 
736 3.1464920043945313 
737 2.972163677215576 
738 3.0446650981903076 
739 2.9236302375793457 
740 3.1571834087371826 
741 3.0491626262664795 
742 2.8416898250579834 
743 2.8802435398101807 
744 2.9312584400177 
745 2.864978790283203 
746 2.928297758102417 
747 3.0359699726104736 
748 2.857936382293701 
749 2.8880510330200195 
750 3.00433611869812 
751 2.835334300994873 
752 2.7957990169525146 
753 2.8288912773132324 
754 2.7759294509887695 
755 2.9377894401550293 
756 3.075920343399048 
757 2.8128201961517334 
758 2.701852321624756 
759 2.9927804470062256 
760 3.163811206817627 
761 3.018400192260742 
762 3.0563480854034424 
763 3.226003408432007 
764 3.1116371154785156 
765 3.1740734577178955 
766 3.2093422412872314 
767 3.144718647003174 
768 3.158524513244629 
769 2.784173011779785 
770 2.9375104904174805 
771 2.69529128074646 
772 2.7522943019866943 
773 2.7710812091827393 
774 2.871992588043213 
775 3.0603253841400146 
776 2.7477829456329346 
777 2.995666027069092 
778 2.853421211242676 
779 3.0027830600738525 
780 2.7407665252685547 
781 2.9166860580444336 
782 2.712101459503174 
783 3.0321826934814453 
784 3.026385545730591 
785 3.023627758026123 
786 2.7387945652008057 
787 2.8589892387390137 
788 2.777268648147583 
789 2.7046172618865967 
790 2.7051777839660645 
791 2.7153358459472656 
792 2.6905860900878906 
793 2.6888389587402344 
794 2.800218105316162 
795 2.619722366333008 
796 2.5551629066467285 
797 2.656299352645874 
798 2.7515411376953125 
799 2.654165267944336 
800 2.70000958442688 
801 2.8147504329681396 
802 2.683074474334717 
803 2.5569000244140625 
804 2.7193775177001953 
805 2.7481436729431152 
806 2.559147596359253 
807 2.779514789581299 
808 2.833627223968506 
809 2.7891013622283936 
810 2.646660327911377 
811 2.9090793132781982 
812 2.7506797313690186 
813 2.7414448261260986 
814 2.703805446624756 
815 2.8039119243621826 
816 2.7680671215057373 
817 2.7275826930999756 
818 2.7629289627075195 
819 3.1543662548065186 
820 3.089285373687744 
821 2.901581287384033 
822 2.876932144165039 
823 3.0406715869903564 
824 2.661119222640991 
825 2.593050003051758 
826 2.797982692718506 
827 2.7181715965270996 
828 2.7740848064422607 
829 2.6382930278778076 
830 2.983694076538086 
831 2.726804733276367 
832 2.6396920680999756 
833 2.7326831817626953 
834 2.664536952972412 
835 2.835930824279785 
836 2.6406564712524414 
837 2.5788354873657227 
838 2.7138707637786865 
839 2.49303936958313 
840 2.3935153484344482 
841 2.6655161380767822 
842 2.6032533645629883 
843 2.7297022342681885 
844 2.618400812149048 
845 2.5998969078063965 
846 2.7166359424591064 
847 2.8481009006500244 
848 2.7401235103607178 
849 2.66137433052063 
850 2.796147346496582 
851 3.0609207153320313 
852 2.7375025749206543 
853 2.8909192085266113 
854 3.1319377422332764 
855 2.841557025909424 
856 2.8918087482452393 
857 3.0383167266845703 
858 2.895419120788574 
859 2.7595977783203125 
860 2.849905014038086 
861 2.8682494163513184 
862 2.8482048511505127 
863 2.817941427230835 
864 2.910445213317871 
865 3.034970283508301 
866 2.7980403900146484 
867 2.958279848098755 
868 3.1028661727905273 
869 2.878190517425537 
870 2.991457939147949 
871 2.9051265716552734 
872 2.9952754974365234 
873 3.0451903343200684 
874 3.0750949382781982 
875 2.674762010574341 
876 3.034574508666992 
877 2.9540505409240723 
878 2.98966383934021 
879 2.9482343196868896 
880 2.775430917739868 
881 2.6542747020721436 
882 2.7475857734680176 
883 2.7160205841064453 
884 2.912990093231201 
885 2.7482216358184814 
886 2.5916426181793213 
887 2.737004518508911 
888 3.0612590312957764 
889 3.275477170944214 
890 3.11726713180542 
891 2.990281581878662 
892 2.7742080688476563 
893 2.5717005729675293 
894 2.683732271194458 
895 2.6263530254364014 
896 2.6289641857147217 
897 2.7868711948394775 
898 2.516019344329834 
899 2.890526533126831 
900 2.9902327060699463 
901 2.961087942123413 
902 2.872368574142456 
903 3.131700038909912 
904 2.8189337253570557 
905 3.102665662765503 
906 2.9893887042999268 
907 2.835421085357666 
908 2.886059284210205 
909 2.911668062210083 
910 3.088656425476074 
911 3.057790994644165 
912 3.0904340744018555 
913 2.8176772594451904 
914 3.044172525405884 
915 2.9969587326049805 
916 2.9307289123535156 
917 3.146716594696045 
918 2.7379066944122314 
919 2.8598506450653076 
920 2.923912763595581 
921 2.9342756271362305 
922 3.063730478286743 
923 3.1020448207855225 
924 3.138486862182617 
925 2.9641153812408447 
926 2.927530527114868 
927 2.9253785610198975 
928 2.831806182861328 
929 3.161742687225342 
930 2.9426183700561523 
931 3.0276381969451904 
932 3.1046090126037598 
933 2.988593339920044 
934 2.916517972946167 
935 3.0069682598114014 
936 3.1067419052124023 
937 3.1557581424713135 
938 2.9564263820648193 
939 2.9391021728515625 
940 2.8640894889831543 
941 2.7356669902801514 
942 2.9523112773895264 
943 2.906954050064087 
944 2.9878809452056885 
945 2.9292824268341064 
946 2.9792134761810303 
947 3.0449326038360596 
948 2.762747049331665 
949 3.0920989513397217 
950 3.1928133964538574 
951 2.8203022480010986 
952 3.067859411239624 
953 2.840956687927246 
954 3.124389410018921 
955 2.915475368499756 
956 2.924572229385376 
957 2.8017165660858154 
958 2.8530349731445313 
959 2.7108590602874756 
960 2.6646671295166016 
961 2.618346691131592 
962 2.871854305267334 
963 2.9138901233673096 
964 2.7768006324768066 
965 2.704188823699951 
966 2.98593807220459 
967 2.7465269565582275 
968 2.765598773956299 
969 2.599489688873291 
970 2.6543712615966797 
971 2.538776159286499 
972 2.56838321685791 
973 2.6946072578430176 
974 2.5337204933166504 
975 2.478135347366333 
976 2.4887502193450928 
977 2.8075597286224365 
978 2.5863025188446045 
979 2.662675142288208 
980 2.693183660507202 
981 2.5108163356781006 
982 2.7825992107391357 
983 2.846283435821533 
984 2.561469078063965 
985 2.5640296936035156 
986 2.7617926597595215 
987 2.575866460800171 
988 2.652848720550537 
989 2.851857900619507 
990 2.759329080581665 
991 3.00657320022583 
992 3.1122491359710693 
993 2.959120750427246 
994 3.0475568771362305 
995 3.01882004737854 
996 2.9410619735717773 
997 2.9454050064086914 
998 2.8424041271209717 
999 2.9415690898895264 
1000 2.9339077472686768 
