# step Etot Epot T p 
0 -30355.7806 -31150.7773 308.6887 292.3396 
500 -29864.7484 -30511.0362 250.9466 294.1932 
1000 -29695.1552 -30411.0529 277.9754 -101.9652 
1500 -29620.2671 -30338.331 278.8165 -76.6461 
2000 -29575.6851 -30351.8021 301.3579 -109.9991 
2500 -29540.7824 -30288.438 290.3066 77.022 
3000 -29565.6829 -30336.7765 299.4074 -16.8717 
3500 -29563.2257 -30328.1732 297.0209 109.7922 
4000 -29577.6671 -30332.6122 293.1371 -16.2462 
4500 -29576.4421 -30339.814 296.4091 -10.751 
5000 -29600.5083 -30368.5087 298.2063 336.2175 
5500 -29592.3727 -30355.2726 296.2258 136.8208 
6000 -29541.3522 -30299.0758 294.2159 39.324 
6500 -29541.2725 -30287.0956 289.5951 41.1929 
7000 -29532.8059 -30313.1004 302.98 -426.3274 
7500 -29569.8106 -30357.3985 305.8119 152.7554 
8000 -29615.3746 -30383.5354 298.2686 -211.4705 
8500 -29632.038 -30364.0299 284.2246 -194.7676 
9000 -29561.4264 -30316.7904 293.2998 168.0188 
9500 -29610.9599 -30369.245 294.434 100.4407 
10000 -29617.3547 -30374.7675 294.0953 -192.8003 
10500 -29524.5577 -30316.6086 307.5449 225.5448 
11000 -29577.855 -30318.1524 287.4495 316.5633 
11500 -29582.2535 -30305.606 280.87 -141.0075 
12000 -29557.9197 -30313.547 293.402 -435.9654 
12500 -29609.4388 -30352.3219 288.4536 -172.6176 
13000 -29601.8418 -30340.5235 286.8222 -2.1557 
13500 -29587.2438 -30348.8604 295.7275 19.1029 
14000 -29541.1798 -30347.5103 313.0895 -155.3485 
14500 -29571.5682 -30355.2813 304.3074 137.7571 
15000 -29581.9517 -30356.5543 300.7699 -144.6787 
15500 -29617.9574 -30349.4449 284.0288 45.8465 
16000 -29567.5319 -30332.0315 296.847 -128.2179 
16500 -29630.7102 -30393.5001 296.1831 3.6003 
17000 -29574.1536 -30359.2167 304.8316 181.9852 
17500 -29555.7479 -30362.5167 313.2597 191.7591 
18000 -29594.8642 -30361.7638 297.7789 -40.7559 
18500 -29608.1041 -30383.7643 301.1805 -147.7241 
19000 -29579.2456 -30379.2101 310.6176 31.9829 
19500 -29545.5302 -30318.019 299.9491 110.726 
20000 -29491.9824 -30305.8634 316.0213 -72.1749 
20500 -29529.4777 -30332.4982 311.8042 -281.9934 
21000 -29567.4697 -30325.9664 294.5161 -3.1908 
21500 -29580.7677 -30371.5503 307.0524 214.2502 
22000 -29592.6697 -30373.0343 303.0072 209.3807 
22500 -29584.5088 -30348.4918 296.6464 15.6544 
23000 -29532.4855 -30321.4856 306.3603 -219.3789 
23500 -29554.3196 -30309.3785 293.1813 111.9445 
24000 -29491.2049 -30265.0229 300.4652 443.0722 
24500 -29508.5715 -30317.8013 314.2152 341.9431 
25000 -29502.6278 -30307.7346 312.6143 -2.9255 
25500 -29519.2075 -30315.3751 309.1433 106.9866 
26000 -29501.0177 -30295.153 308.3542 160.3942 
26500 -29503.6572 -30319.5904 316.8181 213.1406 
27000 -29489.0021 -30266.1563 301.7607 -4.2737 
27500 -29542.8305 -30307.7496 297.0099 -135.722 
28000 -29524.011 -30301.4346 301.8653 -386.6421 
28500 -29546.5143 -30326.9809 303.0468 74.8861 
29000 -29558.5444 -30337.1265 302.315 243.0299 
29500 -29549.0173 -30320.6507 299.6169 -72.996 
30000 -29586.9003 -30339.2109 292.1141 18.0381 
30500 -29618.5816 -30375.2643 293.8118 214.8467 
31000 -29541.2694 -30315.7976 300.741 67.3708 
31500 -29561.1676 -30335.4475 300.6446 13.214 
32000 -29577.185 -30324.5593 290.1974 -121.2379 
32500 -29597.424 -30330.552 284.6657 68.4609 
33000 -29574.3071 -30364.8885 306.9743 230.4279 
33500 -29614.1354 -30367.1786 292.3986 330.1155 
34000 -29579.5021 -30333.6396 292.8235 118.8359 
34500 -29599.5186 -30353.132 292.62 100.9239 
35000 -29607.7394 -30357.7238 291.2109 159.3234 
35500 -29602.5023 -30361.7569 294.8104 200.8997 
36000 -29582.6327 -30344.4689 295.8128 164.8808 
36500 -29577.8962 -30347.6739 298.8964 -44.1661 
37000 -29551.8293 -30359.06 313.439 -30.3264 
37500 -29537.9984 -30296.5899 294.5529 -135.7821 
38000 -29584.4806 -30351.3665 297.7736 -74.969 
38500 -29545.2339 -30332.8609 305.8271 -19.0318 
39000 -29562.0562 -30342.5498 303.0573 51.7959 
39500 -29541.506 -30333.4778 307.5141 -102.0597 
40000 -29585.146 -30338.6175 292.5649 -499.6012 
40500 -29568.6257 -30333.3862 296.9483 -180.7641 
41000 -29555.4705 -30323.889 298.3687 -398.7958 
41500 -29559.7783 -30323.4005 296.5063 -17.7704 
42000 -29574.3406 -30344.6341 299.0967 83.5185 
42500 -29571.5219 -30347.6919 301.3785 -160.2653 
43000 -29587.5265 -30344.1087 293.7727 -172.1125 
43500 -29524.4909 -30324.4337 310.6092 -113.4964 
44000 -29534.8987 -30299.6121 296.93 32.8833 
44500 -29540.2757 -30329.342 306.386 -39.5348 
45000 -29545.9375 -30318.5357 299.9916 -321.8405 
45500 -29585.4696 -30348.0587 296.1052 -30.9872 
46000 -29612.2316 -30366.3986 292.8349 57.4045 
46500 -29618.0099 -30334.0045 278.013 28.5297 
47000 -29583.4735 -30356.8312 300.2865 69.7331 
47500 -29576.4744 -30347.0727 299.2151 -289.0849 
48000 -29567.4781 -30334.6573 297.8874 129.0861 
48500 -29598.6115 -30347.3603 290.7311 -95.925 
49000 -29560.6926 -30339.0578 302.2309 370.5675 
49500 -29537.6496 -30338.2999 310.8839 111.1645 
50000 -29541.8293 -30317.2468 301.0863 -364.5854 
50500 -29606.5809 -30339.635 284.637 -215.1271 
51000 -29578.3201 -30331.3316 292.3863 -217.2757 
51500 -29590.64 -30347.7165 293.9647 -294.9045 
52000 -29595.0244 -30371.4754 301.4876 -173.3522 
52500 -29564.8138 -30312.5623 290.3427 27.5366 
53000 -29541.698 -30337.6512 309.0601 103.0134 
53500 -29561.4915 -30350.2764 306.2767 426.6696 
54000 -29542.404 -30316.8523 300.71 -150.398 
54500 -29542.7292 -30343.7115 311.0128 132.3892 
55000 -29556.5385 -30332.7872 301.4091 -24.6277 
55500 -29588.4658 -30347.6738 294.7923 29.3936 
56000 -29528.0529 -30336.5496 313.9306 104.075 
56500 -29581.7316 -30354.0836 299.896 281.2261 
57000 -29570.8634 -30336.5304 297.3003 120.6398 
57500 -29593.0248 -30345.9053 292.3354 -87.1542 
58000 -29578.1621 -30363.0628 304.7685 -219.5326 
58500 -29580.3315 -30345.3231 297.038 -32.136 
59000 -29563.6216 -30320.6619 293.9506 -179.7641 
59500 -29593.0072 -30347.1076 292.8091 -209.3091 
60000 -29588.9922 -30352.5378 296.4766 57.5103 
60500 -29571.6422 -30343.8126 299.8255 -78.1205 
61000 -29593.5141 -30361.2373 298.0987 -78.8645 
61500 -29581.2997 -30348.4415 297.8729 -121.992 
62000 -29559.0231 -30348.1758 306.4195 -24.7695 
62500 -29553.9888 -30333.9164 302.8375 71.0683 
63000 -29599.5338 -30347.6233 290.4751 194.0928 
63500 -29577.0726 -30349.8219 300.0503 -303.5601 
64000 -29622.9473 -30366.1401 288.5738 182.6453 
64500 -29616.8177 -30358.4167 287.9549 55.8438 
65000 -29586.2714 -30379.5884 308.0365 99.7602 
65500 -29587.0561 -30358.877 299.6898 -248.0417 
66000 -29594.5144 -30329.8232 285.5125 -507.7403 
66500 -29600.1841 -30334.5094 285.1306 -42.9205 
67000 -29581.5212 -30341.4163 295.0591 557.0708 
67500 -29602.093 -30336.987 285.3515 73.8057 
68000 -29607.8126 -30354.0761 289.7661 -310.4353 
68500 -29597.918 -30347.5982 291.0928 88.1081 
69000 -29600.044 -30372.4064 299.9 123.5883 
69500 -29557.6738 -30337.7087 302.8792 268.9295 
70000 -29570.9659 -30346.5242 301.141 -531.3656 
70500 -29609.3658 -30373.5861 296.7385 -261.421 
71000 -29585.7205 -30339.4223 292.6543 -179.4694 
71500 -29539.3607 -30331.1447 307.4412 -390.803 
72000 -29526.1252 -30315.0181 306.3186 345.7984 
72500 -29537.5976 -30318.7682 303.3202 128.7006 
73000 -29556.9784 -30331.8074 300.8578 -262.3072 
73500 -29567.4159 -30303.6444 285.8696 75.988 
74000 -29548.1305 -30355.0823 313.3307 -110.8766 
74500 -29586.5208 -30350.9896 296.835 552.3635 
75000 -29581.1559 -30341.598 295.2715 81.6847 
75500 -29593.8799 -30365.4206 299.581 -224.271 
76000 -29593.19 -30345.6526 292.1731 -119.7501 
76500 -29560.5079 -30308.6993 290.5147 -98.9111 
77000 -29582.7099 -30355.8754 300.2118 276.1405 
77500 -29536.9454 -30325.0801 306.0242 441.2823 
78000 -29603.849 -30373.1199 298.6996 -121.1247 
78500 -29598.6237 -30375.3169 301.5817 -73.3657 
79000 -29545.7821 -30341.3892 308.9257 -208.1346 
79500 -29532.9882 -30317.3992 304.5784 60.6523 
80000 -29566.7562 -30307.7173 287.7073 -230.838 
80500 -29556.3399 -30327.2593 299.3397 112.0216 
81000 -29558.2672 -30318.1788 295.0655 52.6271 
81500 -29517.0372 -30342.7523 320.6163 -160.3029 
82000 -29542.4125 -30329.5657 305.6431 184.3565 
82500 -29540.2324 -30316.3323 301.3512 -182.0553 
83000 -29533.0599 -30334.5213 311.1989 121.4679 
83500 -29566.4663 -30321.7004 293.2493 -160.6136 
84000 -29570.4834 -30336.129 297.292 -295.1164 
84500 -29545.0874 -30318.7652 300.4108 338.275 
85000 -29610.4545 -30354.8232 289.0304 315.5315 
85500 -29619.5745 -30345.4362 281.8443 133.2236 
86000 -29592.7504 -30350.0877 294.0659 209.1456 
86500 -29565.1124 -30328.5838 296.4477 13.3238 
87000 -29534.4839 -30305.2314 299.273 -118.9975 
87500 -29527.7442 -30301.7123 300.5235 -178.4756 
88000 -29547.6975 -30352.3445 312.4358 -428.0888 
88500 -29565.3889 -30358.5385 307.9715 258.2891 
89000 -29545.0421 -30326.123 303.2853 329.7583 
89500 -29539.5386 -30316.2925 301.6052 97.6832 
90000 -29566.3362 -30330.0206 296.5305 85.0074 
90500 -29551.894 -30319.2184 297.9438 -175.8506 
91000 -29564.2208 -30326.7641 296.0874 -211.1967 
91500 -29510.9163 -30312.6687 311.3118 -116.2983 
92000 -29556.6372 -30309.0449 292.1519 -110.8755 
92500 -29593.8467 -30367.6013 300.4406 16.9168 
93000 -29538.7889 -30314.1531 301.0656 -248.1112 
93500 -29538.8244 -30335.919 309.5033 -240.5914 
94000 -29595.1018 -30334.8027 287.2179 7.4636 
94500 -29583.783 -30338.0689 292.8811 -277.4114 
95000 -29510.2993 -30299.0291 306.2553 -129.1304 
95500 -29585.6719 -30344.8748 294.7903 -59.7228 
96000 -29568.7943 -30328.6042 295.026 179.5517 
96500 -29583.0457 -30347.0185 296.6424 251.7273 
97000 -29579.9735 -30363.5867 304.2686 64.7801 
97500 -29550.7047 -30316.0022 297.1568 80.0666 
98000 -29542.7996 -30332.0998 306.4768 -25.2026 
98500 -29537.0444 -30320.705 304.287 331.5272 
99000 -29499.0924 -30295.5732 309.265 62.3591 
99500 -29494.9248 -30306.8898 315.2773 330.362 
100000 -29519.9066 -30325.6988 312.8805 143.324 
100500 -29558.8408 -30317.2708 294.4902 62.0542 
101000 -29557.3527 -30338.9473 303.4848 99.7004 
101500 -29573.1858 -30338.3505 297.1053 -181.6344 
102000 -29618.9466 -30366.1873 290.1455 -96.4273 
102500 -29570.8067 -30327.3217 293.7466 58.5252 
103000 -29625.2477 -30349.6473 281.2766 283.963 
103500 -29614.0359 -30352.9868 286.9267 242.7053 
104000 -29555.1019 -30337.9445 303.9694 190.9358 
104500 -29521.1772 -30284.8892 296.5412 137.4635 
105000 -29508.7793 -30319.1056 314.641 325.0765 
105500 -29554.3134 -30317.2358 296.2346 -19.532 
106000 -29628.2964 -30374.6628 289.806 -117.7745 
106500 -29576.9442 -30348.2428 299.4869 -76.8617 
107000 -29581.5598 -30372.1156 306.9643 82.2529 
107500 -29584.6201 -30336.1572 291.8138 -134.9065 
108000 -29488.7498 -30298.4543 314.3996 485.627 
108500 -29526.6128 -30314.8752 306.0738 363.4299 
109000 -29574.009 -30352.7606 302.3809 -12.1618 
109500 -29569.0732 -30312.9609 288.8436 -16.7345 
110000 -29623.9593 -30343.5422 279.4063 -182.9371 
110500 -29555.1435 -30328.0972 300.1297 77.8466 
111000 -29536.8804 -30311.9379 300.9465 207.3214 
111500 -29606.6562 -30350.6665 288.8912 -99.7837 
112000 -29664.9182 -30402.9569 286.5725 -170.0604 
112500 -29642.9463 -30393.9155 291.5933 -332.3824 
113000 -29645.6538 -30383.9267 286.6634 -293.647 
113500 -29646.6362 -30369.9271 280.8461 -241.8747 
114000 -29574.9496 -30329.3171 292.9128 269.1001 
114500 -29551.4711 -30346.4784 308.6928 349.7055 
115000 -29560.284 -30370.0327 314.4167 547.19 
115500 -29586.0617 -30375.4992 306.5301 7.7394 
116000 -29593.2242 -30353.892 295.3591 -183.2475 
116500 -29567.533 -30347.2257 302.7463 -79.4951 
117000 -29562.9283 -30307.7634 289.2115 71.7787 
117500 -29592.2544 -30372.6429 303.0165 237.7806 
118000 -29577.8827 -30355.2167 301.8305 24.3383 
118500 -29628.136 -30356.6779 282.885 105.3448 
119000 -29563.0651 -30341.7744 302.3645 122.8412 
119500 -29587.3968 -30367.2881 302.8234 -138.3773 
120000 -29552.6086 -30348.7903 309.1488 108.0602 
120500 -29547.1005 -30339.9354 307.8493 69.6845 
121000 -29565.2679 -30359.7299 308.481 -100.4671 
121500 -29519.7332 -30332.6381 315.6423 -276.4482 
122000 -29600.9779 -30374.0719 300.1841 22.0584 
122500 -29558.4963 -30337.0253 302.2944 -200.0004 
123000 -29565.7685 -30330.5594 296.9601 -35.5542 
123500 -29598.9661 -30334.7637 285.7023 -199.1874 
124000 -29567.425 -30348.1174 303.1345 -269.4782 
124500 -29589.8584 -30337.9147 290.4622 171.5052 
125000 -29623.4685 -30380.0221 293.7616 -27.5751 
125500 -29649.3004 -30375.0903 281.8164 -59.1936 
126000 -29614.7211 -30366.6438 291.9635 -43.6889 
126500 -29585.6116 -30360.4093 300.8456 -148.622 
127000 -29587.3309 -30332.7225 289.4276 339.8447 
127500 -29599.0748 -30356.4654 294.0866 50.3755 
128000 -29582.3718 -30366.8226 304.5938 -227.8611 
128500 -29568.133 -30357.0241 306.318 389.6708 
129000 -29596.4359 -30359.8741 296.4348 85.8585 
129500 -29632.795 -30358.0229 281.5982 186.9965 
130000 -29608.245 -30374.9237 297.6931 486.2169 
130500 -29614.9337 -30386.568 299.6173 134.7286 
131000 -29579.6549 -30347.5204 298.1539 -66.4992 
131500 -29584.5906 -30348.4564 296.6009 -233.7979 
132000 -29559.377 -30345.6274 305.2926 -127.5615 
132500 -29578.906 -30344.0308 297.0897 140.6921 
133000 -29485.1616 -30301.0996 316.82 -64.6613 
133500 -29535.3567 -30330.8439 308.8792 -79.74 
134000 -29572.4696 -30368.1992 308.9733 212.5775 
134500 -29537.8628 -30328.9025 307.1522 234.9384 
135000 -29566.566 -30317.3391 291.5172 -283.2573 
135500 -29542.1164 -30323.882 303.5512 -228.6082 
136000 -29570.6456 -30331.9047 295.5887 153.3025 
136500 -29600.2272 -30374.5869 300.6756 55.9026 
137000 -29562.7841 -30335.9499 300.212 179.1753 
137500 -29623.1517 -30359.0273 285.7326 2.7116 
138000 -29605.9259 -30353.6099 290.3177 399.4148 
138500 -29550.701 -30341.9423 307.2305 -186.5727 
139000 -29557.646 -30330.9955 300.2833 118.9169 
139500 -29555.8894 -30325.9805 299.0181 -142.4681 
140000 -29559.3683 -30291.8721 284.4234 -308.8904 
140500 -29521.7134 -30313.5427 307.4588 -236.0518 
141000 -29547.5008 -30344.2131 309.3548 265.6306 
141500 -29543.7177 -30336.0695 307.6617 264.6403 
142000 -29622.8868 -30383.5529 295.3585 -337.8087 
142500 -29582.0311 -30332.2077 291.2855 -109.6824 
143000 -29538.7043 -30312.367 300.4049 67.1085 
143500 -29551.8456 -30332.6581 303.1811 345.2995 
144000 -29562.1431 -30362.834 310.8997 -16.1617 
144500 -29538.3065 -30314.5667 301.4135 -96.2081 
145000 -29623.1415 -30352.7718 283.3076 -8.0404 
145500 -29567.1859 -30333.5865 297.5851 122.7653 
146000 -29591.7377 -30313.7387 280.3453 -379.3574 
146500 -29556.3633 -30348.8509 307.7144 -465.2736 
147000 -29531.5431 -30326.54 308.6888 -91.3667 
147500 -29557.9358 -30356.6936 310.1491 255.0631 
148000 -29596.357 -30349.305 292.3616 78.1475 
148500 -29555.1422 -30329.4927 300.672 137.3174 
149000 -29556.9368 -30334.601 301.9587 453.6117 
149500 -29590.6351 -30338.7608 290.4892 314.9409 
150000 -29578.1108 -30354.3157 301.392 100.6873 
150500 -29576.6249 -30329.3594 292.2787 -269.8251 
151000 -29578.4167 -30362.9299 304.6181 249.5289 
151500 -29540.8327 -30340.3701 310.4518 25.3504 
152000 -29578.3772 -30359.6162 303.3467 -376.3169 
152500 -29575.223 -30336.6507 295.6542 -228.5549 
153000 -29554.0805 -30341.244 305.6471 -121.8564 
153500 -29564.3701 -30352.2169 305.9124 340.3124 
154000 -29541.6448 -30327.2695 305.0497 -381.3742 
154500 -29544.8602 -30329.4713 304.6561 439.2254 
155000 -29591.1634 -30363.4719 299.8791 42.9804 
155500 -29546.7782 -30351.0949 312.3075 209.9927 
156000 -29611.8626 -30358.0093 289.7208 -157.171 
156500 -29588.0124 -30320.6665 284.4817 -216.4463 
157000 -29576.581 -30353.6792 301.7389 82.8449 
157500 -29555.9641 -30353.8086 309.7945 151.0857 
158000 -29571.0044 -30320.3686 290.9701 -131.4819 
158500 -29628.3824 -30365.6893 286.2884 23.8564 
159000 -29616.8458 -30342.5151 281.7696 -17.6642 
159500 -29617.5801 -30376.4479 294.6602 -441.3477 
160000 -29579.3538 -30355.859 301.5087 -102.5884 
160500 -29565.177 -30331.0385 297.3758 267.8901 
161000 -29543.2479 -30321.0514 302.0128 20.4926 
161500 -29541.0382 -30319.1906 302.1482 -259.3516 
162000 -29535.719 -30302.7343 297.8238 33.5193 
162500 -29563.8028 -30361.4115 309.7029 -33.2037 
163000 -29569.8563 -30342.4088 299.9738 -269.4559 
163500 -29551.2961 -30323.8526 299.9754 -414.8431 
164000 -29547.3268 -30320.0394 300.036 -148.333 
164500 -29498.7902 -30328.7607 322.2686 -116.9527 
165000 -29482.6744 -30274.4312 307.4307 -135.8635 
165500 -29551.0312 -30337.4856 305.3718 163.1321 
166000 -29529.9347 -30315.637 305.0798 296.0173 
166500 -29574.6795 -30332.3392 294.1911 -89.0703 
167000 -29626.152 -30369.7506 288.7314 -176.9952 
167500 -29608.248 -30359.2475 291.6051 1.6698 
168000 -29585.513 -30325.9899 287.5192 -44.6953 
168500 -29499.6225 -30288.4265 306.2841 -168.2271 
169000 -29570.286 -30342.2052 299.7279 164.5734 
169500 -29526.2248 -30332.2558 312.9732 91.0068 
170000 -29591.3744 -30359.4352 298.2298 250.9895 
170500 -29600.9851 -30358.68 294.2048 -103.1251 
171000 -29583.9355 -30365.6382 303.5268 -229.4656 
171500 -29593.5419 -30368.7067 300.9882 -49.3919 
172000 -29565.7885 -30330.2573 296.835 207.6041 
172500 -29568.2281 -30310.9966 288.409 -234.7173 
173000 -29559.9874 -30332.2501 299.8613 76.8461 
173500 -29617.9129 -30374.4143 293.7414 21.333 
174000 -29595.8627 -30356.8948 295.5006 -362.4255 
174500 -29581.5488 -30359.6642 302.1338 326.4382 
175000 -29543.846 -30333.4002 306.5754 -78.0782 
175500 -29604.1057 -30363.7724 294.9704 24.3743 
176000 -29618.5926 -30353.9265 285.5222 -48.5664 
176500 -29584.4345 -30335.3254 291.5629 -224.9651 
177000 -29592.6368 -30358.446 297.3555 31.5029 
177500 -29624.4699 -30340.2646 277.9354 187.1683 
178000 -29615.0285 -30345.4657 283.6209 189.2817 
178500 -29589.7675 -30367.4616 301.9703 141.4141 
179000 -29593.908 -30353.9029 295.0978 18.5275 
179500 -29580.3763 -30347.5228 297.8748 -75.7645 
180000 -29556.7895 -30341.5701 304.7219 59.5806 
180500 -29595.5427 -30356.0584 295.3001 -282.4283 
181000 -29571.1301 -30357.8398 305.4709 -32.8725 
181500 -29566.5493 -30309.9218 288.6436 350.2982 
182000 -29516.8626 -30315.4188 310.0708 -343.1149 
182500 -29524.1243 -30319.2897 308.7542 -120.8816 
183000 -29576.6372 -30354.2644 301.9443 203.9231 
183500 -29572.8384 -30348.2884 301.0989 473.3585 
184000 -29560.2884 -30336.0065 301.203 -99.7723 
184500 -29587.4621 -30341.6606 292.8472 -51.1605 
185000 -29514.8939 -30310.536 308.9393 28.7562 
185500 -29575.4866 -30343.1724 298.0841 189.0866 
186000 -29593.6659 -30323.0833 283.2249 153.5472 
186500 -29598.5418 -30357.1295 294.5515 -146.2745 
187000 -29573.3492 -30329.0378 293.4258 -564.5007 
187500 -29572.9537 -30320.6002 290.3031 -107.9917 
188000 -29597.4836 -30348.2717 291.523 -145.0876 
188500 -29576.7864 -30347.6858 299.332 74.9436 
189000 -29532.5102 -30308.0634 301.139 355.8888 
189500 -29542.8936 -30303.5221 295.3439 -176.6226 
190000 -29572.8797 -30340.8528 298.1957 41.0682 
190500 -29614.2156 -30374.315 295.1384 -96.7373 
191000 -29549.8196 -30345.5514 308.9741 -190.9314 
191500 -29587.2861 -30345.8188 294.5301 -165.7898 
192000 -29576.5015 -30355.9733 302.6605 291.4551 
192500 -29564.3712 -30330.42 297.4485 53.3637 
193000 -29568.4286 -30331.6129 296.3363 62.5778 
193500 -29590.0851 -30359.8065 298.8745 -401.0148 
194000 -29567.2334 -30353.0991 305.1432 -181.6286 
194500 -29554.6776 -30325.146 299.1646 -281.5707 
195000 -29619.8501 -30361.307 287.8997 -210.1773 
195500 -29592.6407 -30322.9962 283.5892 -118.6487 
196000 -29566.4702 -30323.1551 293.8126 231.6839 
196500 -29574.1759 -30347.7243 300.3606 178.3838 
197000 -29598.8989 -30350.778 291.9466 21.6987 
197500 -29589.8836 -30342.182 292.1094 -217.6622 
198000 -29565.7586 -30343.4775 301.9799 -436.9105 
198500 -29557.9509 -30364.055 313.0016 5.1615 
199000 -29598.7544 -30349.3501 291.4483 155.2616 
199500 -29597.3537 -30357.1679 295.0277 -88.308 
200000 -29518.0668 -30318.3926 310.7579 294.9963 
200500 -29532.3057 -30319.1085 305.5071 143.4068 
201000 -29556.124 -30324.7786 298.4603 135.0149 
201500 -29530.1375 -30348.0148 317.573 -134.1021 
202000 -29570.7704 -30339.1116 298.3386 -251.1953 
202500 -29606.2051 -30366.3925 295.1726 321.2649 
203000 -29560.205 -30340.1781 302.8552 268.8734 
203500 -29578.2287 -30314.9922 286.0774 -339.4381 
204000 -29573.7696 -30334.6348 295.4358 -257.5386 
204500 -29551.2182 -30338.0035 305.5003 -213.3409 
205000 -29545.0523 -30347.5772 311.6118 -85.2913 
205500 -29611.2335 -30367.3401 293.5881 452.1542 
206000 -29537.6177 -30335.2506 309.7123 241.5922 
206500 -29517.4989 -30306.385 306.316 85.307 
207000 -29513.9308 -30279.2153 297.1518 123.1622 
207500 -29514.1108 -30350.5161 324.7672 -181.3179 
208000 -29574.1578 -30313.8726 287.2233 -189.193 
208500 -29558.6669 -30352.7739 308.3432 74.167 
209000 -29558.3821 -30319.3614 295.4801 23.7163 
209500 -29605.3918 -30360.7692 293.305 347.9642 
210000 -29571.0648 -30331.5443 295.286 12.5831 
210500 -29589.4903 -30337.7265 290.5321 -417.817 
211000 -29602.6094 -30356.3894 292.6847 -225.552 
211500 -29603.0571 -30380.3938 301.8315 -142.1139 
212000 -29554.0532 -30337.3873 304.1602 -301.1641 
212500 -29572.2008 -30354.9151 303.9195 77.634 
213000 -29535.8853 -30314.1404 302.1881 -117.6174 
213500 -29555.1212 -30343.1656 305.9892 -69.2978 
214000 -29613.1377 -30349.1216 285.7746 -0.3971 
214500 -29587.7231 -30341.2148 292.5728 46.1297 
215000 -29563.2883 -30317.9943 293.0443 -32.8798 
215500 -29553.1971 -30319.1319 297.4042 99.4041 
216000 -29547.6242 -30314.6023 297.8094 97.0123 
216500 -29509.9926 -30298.0381 305.9896 196.8168 
217000 -29577.462 -30354.7768 301.823 378.3128 
217500 -29603.8699 -30363.2198 294.8474 -297.0749 
218000 -29537.5534 -30314.3652 301.6277 26.9677 
218500 -29614.0109 -30351.8435 286.4925 -299.8489 
219000 -29570.7694 -30332.2083 295.6586 124.2755 
219500 -29583.4953 -30346.581 296.298 -157.0945 
220000 -29617.3293 -30382.2431 297.0078 -269.0729 
220500 -29565.3302 -30361.6154 309.189 60.0056 
221000 -29571.3342 -30331.194 295.0454 51.8213 
221500 -29635.5905 -30425.1177 306.565 -3.1651 
222000 -29588.8543 -30355.6155 297.7251 137.6934 
222500 -29576.1449 -30319.1809 288.5129 -71.2005 
223000 -29615.342 -30360.9555 289.5137 -177.2488 
223500 -29561.5033 -30331.8228 299.1068 -43.8091 
224000 -29572.4673 -30347.386 300.8926 -184.7057 
224500 -29552.4574 -30331.335 302.4298 267.4379 
225000 -29591.6287 -30357.903 297.5361 -62.9715 
225500 -29534.2475 -30303.5859 298.7259 5.1016 
226000 -29568.2085 -30350.4091 303.7201 119.7117 
226500 -29587.9423 -30349.0244 295.52 21.8744 
227000 -29554.6779 -30323.3998 298.4865 -152.6697 
227500 -29499.4661 -30289.6413 306.8166 122.6838 
228000 -29553.759 -30343.0482 306.4725 396.1404 
228500 -29537.5615 -30356.6623 318.048 59.4211 
229000 -29549.6498 -30337.4288 305.8861 -494.3761 
229500 -29555.4758 -30331.1731 301.1949 -286.221 
230000 -29558.2449 -30310.3062 292.0173 254.3452 
230500 -29549.7884 -30329.4513 302.7347 390.8348 
231000 -29538.4542 -30328.8018 306.8835 280.9948 
231500 -29560.7134 -30334.7733 300.5592 191.8398 
232000 -29556.2808 -30341.9869 305.0812 109.1986 
232500 -29550.3099 -30321.613 299.4887 -239.9026 
233000 -29598.1164 -30345.6036 290.2413 -88.6021 
233500 -29596.0895 -30365.3629 298.7006 -97.0915 
234000 -29611.1495 -30366.2452 293.1956 -375.6703 
234500 -29555.3985 -30335.9171 303.067 -73.7945 
235000 -29577.8635 -30326.7372 290.7796 76.3438 
235500 -29590.103 -30378.3626 306.0727 -206.8432 
236000 -29622.1173 -30363.4769 287.862 -171.2343 
236500 -29590.7616 -30348.8254 294.348 332.869 
237000 -29567.177 -30292.2616 281.5426 122.0524 
237500 -29615.8961 -30387.7309 299.6952 234.368 
238000 -29602.5884 -30361.4729 294.6667 -2.3941 
238500 -29591.7576 -30347.8619 293.5872 -264.1344 
239000 -29628.3711 -30368.5664 287.4099 -32.0861 
239500 -29581.5607 -30377.3721 309.005 26.67 
240000 -29579.5009 -30326.9232 290.2161 208.1321 
240500 -29546.8266 -30315.6735 298.535 -88.96 
241000 -29554.2105 -30369.0636 316.3987 67.9421 
241500 -29549.8512 -30315.9969 297.4862 32.7501 
242000 -29588.3109 -30324.3699 285.8038 167.2118 
242500 -29597.686 -30353.8226 293.5997 -267.3012 
243000 -29599.7704 -30375.0124 301.0181 61.9849 
243500 -29571.3367 -30350.6149 302.5853 58.872 
244000 -29586.501 -30369.9176 304.1923 58.0926 
244500 -29610.8675 -30353.1116 288.2054 -234.1061 
245000 -29585.1891 -30326.5789 287.8737 11.1625 
245500 -29571.9412 -30333.0258 295.521 -310.2168 
246000 -29561.1151 -30310.9923 291.1693 143.2823 
246500 -29552.1717 -30309.307 293.9875 275.1325 
247000 -29520.2427 -30334.2041 316.0525 277.856 
247500 -29542.8473 -30303.1361 295.212 -188.1802 
248000 -29612.4881 -30374.8767 296.0273 -48.8226 
248500 -29572.1892 -30352.7526 303.0844 -281.8243 
249000 -29559.9936 -30358.376 310.0033 153.5798 
249500 -29582.1227 -30342.617 295.2918 169.5179 
250000 -29587.1334 -30349.6998 296.0963 351.0906 
250500 -29571.7515 -30340.0661 298.3283 74.84 
251000 -29545.1968 -30348.8163 312.0369 179.9691 
251500 -29570.379 -30346.1166 301.2106 -74.4693 
252000 -29615.8953 -30388.3942 299.953 258.4002 
252500 -29604.8216 -30361.9053 293.9675 71.7282 
253000 -29564.4607 -30332.5348 298.2349 -247.1863 
253500 -29589.7598 -30350.3926 295.3456 -39.6747 
254000 -29535.246 -30305.0511 298.907 93.0479 
254500 -29533.8105 -30332.3007 310.0452 -5.7827 
255000 -29566.9714 -30351.2806 304.5389 -40.8592 
255500 -29549.2794 -30352.2243 311.7749 -262.5722 
256000 -29512.2001 -30291.8713 302.738 -193.7316 
256500 -29598.7674 -30339.2438 287.5191 -264.2908 
257000 -29582.8113 -30334.6585 291.9342 -531.7802 
257500 -29546.5365 -30300.8214 292.8807 -117.8611 
258000 -29553.1568 -30329.5205 301.4537 151.2562 
258500 -29624.3048 -30342.8502 279.0035 158.8467 
259000 -29550.2497 -30370.7039 318.5736 -73.1953 
259500 -29566.0357 -30339.7412 300.4215 -222.1659 
260000 -29579.4587 -30341.6909 295.9666 75.0757 
260500 -29546.0008 -30338.2386 307.6175 131.4862 
261000 -29553.7721 -30320.1548 297.5782 85.0558 
261500 -29540.2014 -30351.4988 315.0181 -147.8411 
262000 -29548.8914 -30302.3438 292.5575 328.4726 
262500 -29585.6417 -30324.8428 287.0238 93.4587 
263000 -29579.5047 -30320.5696 287.7475 204.2627 
263500 -29568.9086 -30356.1026 305.659 107.1983 
264000 -29587.5366 -30326.4857 286.926 510.0988 
264500 -29613.6167 -30349.9041 285.8925 -14.1607 
265000 -29599.3233 -30346.666 290.1851 -33.9863 
265500 -29582.7599 -30359.2365 301.4976 75.3516 
266000 -29577.3063 -30347.4027 299.0202 104.1149 
266500 -29595.6288 -30366.6828 299.392 400.3852 
267000 -29569.6521 -30346.3429 301.5807 -150.8867 
267500 -29577.8019 -30357.6276 302.7979 -170.102 
268000 -29596.8152 -30358.2898 295.6724 76.2845 
268500 -29631.2063 -30369.6846 286.7432 295.1557 
269000 -29618.0001 -30349.2788 283.9477 -178.3647 
269500 -29588.983 -30344.603 293.3991 -433.5601 
270000 -29568.1225 -30337.7524 298.839 -155.9716 
270500 -29563.0863 -30332.4713 298.7439 289.5383 
271000 -29536.4185 -30345.8337 314.2872 -13.6554 
271500 -29543.856 -30311.3566 298.0122 -308.1867 
272000 -29577.4472 -30354.7359 301.8129 22.8713 
272500 -29612.337 -30381.4225 298.6277 72.4467 
273000 -29570.4287 -30330.3819 295.0817 56.4618 
273500 -29610.9466 -30352.2874 287.8547 379.88 
274000 -29557.9075 -30377.4912 318.2356 169.5581 
274500 -29527.8617 -30308.7061 303.1935 -314.7829 
275000 -29547.5686 -30318.6981 299.4213 -312.7165 
275500 -29589.4252 -30330.9166 287.9132 -166.4046 
276000 -29546.043 -30338.9281 307.8688 401.5409 
276500 -29578.6637 -30336.399 294.2205 447.9847 
277000 -29554.0079 -30309.3438 293.2888 385.0184 
277500 -29525.5223 -30326.8487 311.1464 -285.7847 
278000 -29546.5161 -30318.3801 299.7065 3.5722 
278500 -29539.9992 -30326.7425 305.484 87.9571 
279000 -29576.2013 -30318.5144 288.2322 -221.2506 
279500 -29558.9701 -30332.4393 300.3298 177.4436 
280000 -29567.6302 -30351.3267 304.3009 252.0627 
280500 -29552.4277 -30344.788 307.665 425.8395 
281000 -29549.0324 -30348.7738 310.531 302.0879 
281500 -29560.4604 -30339.8017 302.6099 -165.2789 
282000 -29525.6971 -30309.9441 304.5147 101.7716 
282500 -29570.2902 -30354.7505 304.5975 -125.2519 
283000 -29547.4718 -30310.8285 296.4032 -250.3654 
283500 -29525.3172 -30301.8973 301.5377 313.9549 
284000 -29593.1935 -30381.4187 306.0594 492.5565 
284500 -29611.4706 -30377.2764 297.3542 -56.4518 
285000 -29562.8369 -30349.015 305.2645 -70.9828 
285500 -29554.8789 -30307.9045 292.3918 -102.2175 
286000 -29609.8515 -30383.8555 300.5374 -35.5438 
286500 -29605.4219 -30345.454 287.3465 132.4186 
287000 -29590.9508 -30340.2593 290.9485 317.8976 
287500 -29565.9496 -30340.2948 300.6699 -27.1395 
288000 -29626.5963 -30372.0255 289.4421 -70.092 
288500 -29605.4508 -30376.3107 299.3166 256.734 
289000 -29534.219 -30345.4063 314.9753 157.4804 
289500 -29594.2469 -30356.3005 295.8972 302.2191 
290000 -29594.2973 -30327.7619 284.7964 -344.4486 
290500 -29535.6215 -30331.8975 309.1855 321.7562 
291000 -29573.1156 -30359.6937 305.4198 131.9538 
291500 -29589.3479 -30371.7485 303.7977 263.0324 
292000 -29573.7667 -30349.4249 301.1797 -176.7222 
292500 -29576.4061 -30336.1171 294.9876 -332.1827 
293000 -29588.9866 -30363.3083 300.6608 -86.2042 
293500 -29586.9527 -30349.8213 296.2137 85.6196 
294000 -29572.9144 -30364.6113 307.4074 -289.5772 
294500 -29575.7169 -30339.8506 296.7049 -39.0367 
295000 -29537.2549 -30311.3312 300.5655 -91.6615 
295500 -29543.391 -30346.9024 311.9949 448.1913 
296000 -29525.7832 -30287.8775 295.913 320.1094 
296500 -29569.4876 -30341.9752 299.9487 -21.3197 
297000 -29594.4128 -30337.5207 288.5408 79.7606 
297500 -29560.1383 -30337.1651 301.7112 -341.4458 
298000 -29569.7552 -30342.5133 300.0537 -464.7252 
298500 -29550.2728 -30339.4521 306.4299 -12.6682 
299000 -29571.0367 -30349.9506 302.4439 38.5259 
299500 -29570.081 -30331.5084 295.6541 13.2149 
300000 -29525.2664 -30317.1592 307.4835 -141.4381 
300500 -29570.7217 -30287.812 278.4385 53.8887 
301000 -29620.0726 -30351.5141 284.0109 186.7353 
301500 -29532.8507 -30353.8594 318.7888 410.5424 
302000 -29529.8884 -30334.8055 312.5407 186.4557 
302500 -29593.3887 -30376.3019 303.9968 -417.1318 
303000 -29529.9494 -30311.3399 303.4056 -14.9849 
303500 -29562.3429 -30336.1692 300.4685 149.6495 
304000 -29564.8191 -30349.4157 304.6504 -361.2005 
304500 -29584.7984 -30351.473 297.6915 -281.3662 
305000 -29534.7591 -30339.0474 312.2965 -342.1804 
305500 -29556.4329 -30337.1271 303.1352 49.8299 
306000 -29601.0023 -30365.0354 296.6658 207.1422 
306500 -29615.288 -30370.1878 293.1195 -286.2669 
307000 -29581.8883 -30340.1526 294.4259 -539.3912 
307500 -29587.9735 -30360.0956 299.8067 -342.648 
308000 -29541.8949 -30344.6994 311.7203 117.817 
308500 -29558.1694 -30344.3314 305.2583 -111.2764 
309000 -29568.9706 -30321.668 292.2643 186.3147 
309500 -29586.0307 -30341.74 293.4338 83.3786 
310000 -29534.5124 -30302.7459 298.2968 -264.719 
310500 -29601.8756 -30387.4259 305.0207 70.2789 
311000 -29556.4348 -30296.4529 287.3411 141.9617 
311500 -29567.6298 -30346.1009 302.272 -397.9938 
312000 -29571.7791 -30326.1917 292.9303 129.9933 
312500 -29570.4975 -30324.2614 292.6784 143.3972 
313000 -29556.968 -30324.4593 298.0086 -209.9394 
313500 -29564.0371 -30339.5558 301.1256 -203.7114 
314000 -29564.5472 -30347.7559 304.1115 -165.8302 
314500 -29562.2358 -30331.7976 298.8126 -45.8324 
315000 -29574.2035 -30346.3313 299.8089 -72.2178 
315500 -29576.8191 -30342.7677 297.4096 -169.1 
316000 -29570.0565 -30324.5203 292.9502 76.7988 
316500 -29548.8048 -30348.9239 310.6776 -117.1284 
317000 -29594.9609 -30357.158 295.953 32.7719 
317500 -29572.1259 -30321.5898 291.0088 125.5749 
318000 -29609.4365 -30348.7227 287.0569 -203.036 
318500 -29535.5766 -30316.5305 303.236 -136.3659 
319000 -29560.7964 -30306.6576 289.6099 -148.6096 
319500 -29546.7467 -30333.6456 305.5444 -234.5078 
320000 -29569.4461 -30353.957 304.6172 330.4817 
320500 -29495.1264 -30309.1315 316.0694 92.8794 
321000 -29555.1833 -30336.2638 303.2852 -193.9689 
321500 -29522.4891 -30322.4371 310.6112 200.5805 
322000 -29545.3739 -30309.444 296.6802 -70.1583 
322500 -29515.6191 -30308.8856 308.0168 -320.4643 
323000 -29571.2274 -30333.8905 296.1339 5.9286 
323500 -29568.0762 -30362.9227 308.6303 -80.4967 
324000 -29570.2152 -30325.3023 293.1922 -122.7711 
324500 -29528.4033 -30290.9951 296.1062 152.5661 
325000 -29529.5657 -30349.0513 318.1975 544.233 
325500 -29544.8162 -30334.4745 306.6158 98.8023 
326000 -29563.6626 -30335.1643 299.5659 8.582 
326500 -29566.0653 -30344.8056 302.3765 -81.4999 
327000 -29629.652 -30390.6367 295.4822 -522.5301 
327500 -29621.1595 -30347.6494 282.0882 -160.7923 
328000 -29601.3898 -30387.3219 305.169 45.0529 
328500 -29590.8467 -30347.3606 293.7462 79.1313 
329000 -29565.3936 -30318.751 292.5206 219.1166 
329500 -29647.3098 -30376.6444 283.1928 -174.9809 
330000 -29638.4615 -30355.2115 278.3063 -262.2469 
330500 -29608.7689 -30369.8977 295.5381 -340.42 
331000 -29575.9439 -30338.2769 296.0057 -215.9495 
331500 -29558.5279 -30345.2258 305.4664 -161.6313 
332000 -29586.9844 -30318.1902 283.9194 232.325 
332500 -29601.7513 -30365.7516 296.6531 385.2572 
333000 -29584.7876 -30316.258 284.0221 -90.4118 
333500 -29551.0426 -30329.2374 302.1647 -339.8246 
334000 -29567.706 -30365.1523 309.6399 102.8839 
334500 -29564.859 -30314.7181 291.1622 43.3818 
335000 -29608.4937 -30376.062 298.0385 -104.3851 
335500 -29613.9348 -30371.475 294.1448 363.1245 
336000 -29566.4284 -30339.4225 300.1453 158.0885 
336500 -29564.9173 -30331.5108 297.66 230.9275 
337000 -29580.0739 -30350.2371 299.0461 303.1388 
337500 -29510.7637 -30334.7834 319.958 137.8098 
338000 -29536.5448 -30317.9271 303.4024 -71.5179 
338500 -29572.5838 -30329.8964 294.0564 -30.1566 
339000 -29609.5838 -30356.664 290.0832 56.8059 
339500 -29602.2946 -30366.6194 296.7791 -106.2967 
340000 -29606.5233 -30387.6321 303.2962 59.1428 
340500 -29596.8025 -30355.0908 294.4352 125.7885 
341000 -29589.4465 -30325.238 285.6999 -383.9771 
341500 -29591.613 -30351.7883 295.1679 111.4963 
342000 -29541.1186 -30356.1529 316.4691 433.9013 
342500 -29592.1557 -30358.8768 297.7096 -9.6869 
343000 -29626.6432 -30361.5464 285.355 103.2736 
343500 -29557.0686 -30326.3208 298.6923 52.4899 
344000 -29583.4242 -30350.596 297.8846 162.313 
344500 -29575.1417 -30365.5292 306.899 -442.3324 
345000 -29595.2661 -30369.8101 300.7471 -156.4139 
345500 -29582.269 -30347.607 297.1725 274.9162 
346000 -29552.3704 -30344.0559 307.403 489.9682 
346500 -29588.6004 -30369.4319 303.1885 308.9642 
347000 -29568.8386 -30324.2167 293.3052 -157.4154 
347500 -29564.2556 -30341.6221 301.843 -107.7966 
348000 -29548.5836 -30322.6109 300.5465 98.508 
348500 -29556.3451 -30371.2587 316.4222 461.8297 
349000 -29548.3464 -30314.9761 297.6741 -95.1575 
349500 -29532.9396 -30289.2763 293.6774 -152.6546 
350000 -29570.2508 -30311.5413 287.8351 75.1169 
350500 -29538.8284 -30318.2491 302.6407 -38.202 
351000 -29528.2513 -30325.3995 309.5241 -147.0145 
351500 -29562.1426 -30339.557 301.8616 208.689 
352000 -29566.5943 -30328.0599 295.6689 220.2149 
352500 -29543.1334 -30334.0971 307.1227 170.389 
353000 -29578.6581 -30353.2164 300.7527 -321.1699 
353500 -29568.9083 -30342.6452 300.4337 87.8692 
354000 -29553.5256 -30310.5218 293.9335 -116.1721 
354500 -29601.3261 -30334.2553 284.5885 -28.4362 
355000 -29568.3295 -30348.7787 303.04 -197.3478 
355500 -29548.2012 -30314.0024 297.3524 -192.0035 
356000 -29549.8587 -30315.5334 297.3033 -140.3177 
356500 -29527.053 -30311.5185 304.5995 -539.09 
357000 -29542.4045 -30322.4371 302.8783 471.8737 
357500 -29590.5868 -30342.1603 291.8279 90.4956 
358000 -29581.2558 -30334.6478 292.534 -77.1316 
358500 -29544.2846 -30311.8772 298.0479 57.9709 
359000 -29562.9799 -30343.6476 303.1249 193.7729 
359500 -29541.0154 -30327.8975 305.5378 78.33 
360000 -29530.0194 -30345.8488 316.7778 -112.368 
360500 -29522.6631 -30306.5524 304.3758 83.6373 
361000 -29488.0394 -30286.3261 309.9661 340.1667 
361500 -29531.9277 -30331.0125 310.2761 433.6616 
362000 -29522.8545 -30320.603 309.7572 -84.384 
362500 -29558.5302 -30324.6715 297.4844 132.6572 
363000 -29582.3769 -30324.9488 288.3327 157.8803 
363500 -29574.5443 -30366.8659 307.65 -263.7959 
364000 -29600.8643 -30359.3284 294.5035 199.5679 
364500 -29585.7674 -30350.5621 296.9616 22.0468 
365000 -29540.5997 -30311.8259 299.4589 15.9061 
365500 -29578.9649 -30352.163 300.2245 -55.9789 
366000 -29539.4985 -30320.8422 303.3874 -39.9397 
366500 -29544.3261 -30350.5085 313.032 252.6364 
367000 -29574.4159 -30347.2514 300.0838 105.4548 
367500 -29549.736 -30327.6812 302.0678 5.5151 
368000 -29494.5527 -30282.7336 306.0422 -141.0182 
368500 -29526.6629 -30333.2 313.1697 117.8296 
369000 -29545.4372 -30346.906 311.2017 110.3034 
369500 -29582.2766 -30338.449 293.6136 144.3368 
370000 -29611.0443 -30373.8686 296.1965 128.4995 
370500 -29601.4231 -30382.232 303.1797 -261.2526 
371000 -29550.4429 -30330.0334 302.7066 -99.2124 
371500 -29533.0267 -30292.1752 294.7692 372.7809 
372000 -29529.9093 -30327.508 309.699 132.5594 
372500 -29580.5076 -30364.1468 304.2787 298.6306 
373000 -29561.6463 -30329.8828 298.298 264.9627 
373500 -29556.0541 -30326.6693 299.2216 -350.7662 
374000 -29605.0796 -30353.791 290.7166 -53.7626 
374500 -29558.2271 -30350.1669 307.5018 413.8202 
375000 -29596.1589 -30383.1576 305.5831 -60.5339 
375500 -29551.7365 -30313.5737 295.8132 -126.1398 
376000 -29572.832 -30337.8408 297.0447 -86.0103 
376500 -29592.282 -30342.8696 291.4451 19.9298 
377000 -29560.5041 -30319.4887 294.7056 -37.3665 
377500 -29567.8746 -30329.6129 295.7748 93.5484 
378000 -29623.4931 -30355.9245 284.3953 225.454 
378500 -29589.6507 -30360.3861 299.2683 92.7739 
379000 -29530.5094 -30317.8469 305.7147 -256.2794 
379500 -29562.8548 -30351.9825 306.4098 -575.013 
380000 -29532.8512 -30342.9826 314.5653 -47.9539 
380500 -29553.4917 -30343.2548 306.6565 121.8931 
381000 -29573.336 -30341.8276 298.397 -80.0246 
381500 -29581.2167 -30350.5427 298.721 98.5939 
382000 -29579.735 -30355.6284 301.2711 -142.6424 
382500 -29588.3959 -30339.0281 291.4624 -302.6913 
383000 -29561.9416 -30318.8426 293.8966 271.9471 
383500 -29589.7652 -30358.0837 298.3298 1.2851 
384000 -29594.5969 -30386.3489 307.4288 -12.4701 
384500 -29531.7121 -30325.8391 308.351 -0.4449 
385000 -29558.1439 -30338.3789 302.9569 3.0056 
385500 -29609.5286 -30364.9819 293.3344 -22.1094 
386000 -29557.6594 -30338.3594 303.1374 -17.6522 
386500 -29509.3693 -30299.5436 306.8162 -62.2372 
387000 -29564.5468 -30349.2749 304.7015 -143.1263 
387500 -29597.4777 -30329.1458 284.0988 -291.5578 
388000 -29601.5153 -30356.9828 293.3399 156.7668 
388500 -29576.1236 -30352.7662 301.562 341.5114 
389000 -29598.3529 -30354.3767 293.556 -118.8944 
389500 -29597.6526 -30371.9065 300.6345 28.0924 
390000 -29658.8993 -30384.0295 281.5603 126.8359 
390500 -29612.0469 -30374.1314 295.9092 91.6473 
391000 -29644.5478 -30368.4867 281.0977 46.6965 
391500 -29616.9204 -30377.0857 295.164 -160.5175 
392000 -29594.5763 -30356.0724 295.6808 67.269 
392500 -29583.515 -30373.7388 306.8354 346.9792 
393000 -29573.6742 -30327.1949 292.584 317.3432 
393500 -29588.5915 -30351.493 296.2265 142.2262 
394000 -29570.1203 -30323.0954 292.3721 -233.1977 
394500 -29559.2488 -30355.2946 309.096 143.0602 
395000 -29562.8659 -30327.7839 297.0095 87.3428 
395500 -29546.8489 -30327.6216 303.1657 -16.137 
396000 -29600.6516 -30344.0919 288.6699 -305.1792 
396500 -29570.8048 -30359.601 306.2811 -498.4577 
397000 -29564.2707 -30351.9475 305.8464 -301.5114 
397500 -29582.1143 -30337.8707 293.4521 -67.4378 
398000 -29598.3388 -30380.7339 303.7956 106.7081 
398500 -29541.248 -30326.3463 304.8452 217.0964 
399000 -29559.3493 -30340.26 303.2192 -208.2309 
399500 -29536.5653 -30329.6528 307.9474 -199.6299 
400000 -29589.6712 -30373.6439 304.4082 -122.4953 
400500 -29577.2132 -30356.9483 302.7628 -136.2944 
401000 -29577.7833 -30351.6952 300.5017 97.5186 
401500 -29597.8666 -30341.158 288.6121 10.2084 
402000 -29545.918 -30328.0377 303.6887 -231.0157 
402500 -29584.8306 -30354.8847 299.0037 123.644 
403000 -29576.6577 -30370.2843 308.1567 87.5404 
403500 -29624.4738 -30352.4643 282.6709 -296.2619 
404000 -29601.8143 -30368.5038 297.6973 311.1391 
404500 -29607.0033 -30377.7988 299.2916 62.8507 
405000 -29607.0603 -30364.224 293.9985 36.498 
405500 -29549.4522 -30332.0772 303.8849 -35.2722 
406000 -29546.564 -30337.0997 306.9565 37.2936 
406500 -29568.4185 -30345.427 301.7041 309.541 
407000 -29570.7505 -30327.8406 293.97 218.2914 
407500 -29572.9391 -30365.5678 307.7692 322.9206 
408000 -29579.0548 -30377.2589 309.9341 142.9805 
408500 -29572.0513 -30338.6258 297.6527 218.0792 
409000 -29618.7959 -30353.5524 285.2981 312.693 
409500 -29612.4597 -30356.828 289.0302 188.5444 
410000 -29583.2298 -30355.9805 300.0508 312.9912 
410500 -29514.5375 -30311.8691 309.5953 19.4195 
411000 -29519.3505 -30315.3552 309.0801 -6.4394 
411500 -29549.6885 -30316.4189 297.7132 -206.4172 
412000 -29627.0692 -30358.2731 283.9186 122.6088 
412500 -29552.9572 -30312.6301 294.9729 10.9012 
413000 -29602.8226 -30350.4961 290.3136 -244.147 
413500 -29530.6913 -30308.2662 301.924 -4.8317 
414000 -29524.5416 -30323.5421 310.2433 401.4368 
414500 -29563.3345 -30344.7798 303.4268 68.0496 
415000 -29578.0827 -30366.0863 305.9733 -475.5923 
415500 -29551.5039 -30348.8005 309.5817 -197.2753 
416000 -29572.0293 -30341.7093 298.8585 -149.234 
416500 -29604.9225 -30385.7412 303.1835 -72.4869 
417000 -29627.7399 -30382.8871 293.2156 -5.8113 
417500 -29597.3349 -30356.7299 294.8649 -28.78 
418000 -29597.71 -30322.0407 281.2498 75.7255 
418500 -29579.2048 -30345.5014 297.5448 53.6318 
419000 -29583.5548 -30367.6797 304.4673 183.5541 
419500 -29537.684 -30321.2433 304.2477 -94.9571 
420000 -29561.8895 -30352.844 307.1192 230.0176 
420500 -29579.5173 -30375.0914 308.9129 -294.1776 
421000 -29601.1282 -30360.0116 294.6663 -267.7452 
421500 -29603.1538 -30366.5421 296.4155 124.7939 
422000 -29591.3695 -30373.8947 303.8462 96.7906 
422500 -29536.5056 -30346.7289 314.601 78.3329 
423000 -29567.9312 -30291.5602 280.9774 198.0876 
423500 -29606.4612 -30354.9873 290.6447 -32.3186 
424000 -29588.9272 -30342.9289 292.7708 -35.9808 
424500 -29611.1883 -30364.9782 292.6885 -189.3299 
425000 -29586.0725 -30384.9754 310.2054 -164.2293 
425500 -29561.4243 -30321.3651 295.0768 17.4691 
426000 -29576.5196 -30339.7636 296.3595 24.3105 
426500 -29563.3128 -30352.6596 306.4949 -138.0608 
427000 -29587.0348 -30352.3916 297.1799 -87.9059 
427500 -29544.5325 -30322.0314 301.8945 -210.941 
428000 -29562.3852 -30345.6744 304.1428 60.9043 
428500 -29593.1851 -30365.5486 299.9005 -91.7803 
429000 -29635.0436 -30378.9475 288.8499 117.8342 
429500 -29565.4574 -30354.4025 306.3389 113.7782 
430000 -29599.3916 -30369.4893 299.0207 -53.8564 
430500 -29568.0897 -30344.6951 301.5475 -520.9901 
431000 -29560.1895 -30373.4389 315.776 -46.7359 
431500 -29577.1956 -30329.4134 292.0781 61.5553 
432000 -29571.6513 -30367.6034 309.0597 9.0032 
432500 -29555.9888 -30306.5339 291.4286 257.4407 
433000 -29557.1783 -30311.4067 292.8588 121.1708 
433500 -29546.0 -30315.9271 298.9544 -121.9722 
434000 -29521.3111 -30326.1715 312.5186 269.6335 
434500 -29518.1274 -30287.9205 298.9024 106.6634 
435000 -29522.7806 -30298.4574 301.187 138.692 
435500 -29537.5006 -30337.6347 310.6835 -181.2703 
436000 -29589.0395 -30326.4992 286.3477 9.2659 
436500 -29527.8142 -30337.4625 314.3778 102.9922 
437000 -29569.6846 -30327.7073 294.3321 -125.7878 
437500 -29558.7215 -30332.2329 300.3461 58.6053 
438000 -29540.485 -30329.8978 306.5205 -164.4429 
438500 -29566.6891 -30346.6134 302.8362 -212.9161 
439000 -29565.3531 -30321.3714 293.5538 393.6805 
439500 -29563.0152 -30348.2143 304.8844 74.15 
440000 -29610.6832 -30350.3881 287.2195 -138.4659 
440500 -29572.4128 -30369.1852 309.3781 5.9076 
441000 -29556.2682 -30339.6436 304.1763 188.8572 
441500 -29543.2329 -30330.1484 305.5508 98.2817 
442000 -29559.4757 -30336.0557 301.5377 128.0441 
442500 -29561.2499 -30327.1696 297.3984 -109.5915 
443000 -29592.1881 -30332.1083 287.3031 5.4892 
443500 -29524.9141 -30339.7474 316.391 -78.9177 
444000 -29573.7015 -30336.136 296.0451 -244.464 
444500 -29535.8702 -30334.4982 310.0987 -320.5505 
445000 -29598.9968 -30336.5968 286.4022 150.4805 
445500 -29511.4308 -30351.2857 326.1066 -140.2662 
446000 -29481.6245 -30276.8726 308.7863 104.6774 
446500 -29557.2468 -30349.5554 307.645 23.3135 
447000 -29605.2186 -30363.8718 294.5769 -124.918 
447500 -29607.4597 -30376.1142 298.4603 -362.4503 
448000 -29613.6648 -30373.038 294.8565 48.4986 
448500 -29538.7571 -30318.1171 302.6171 -2.5706 
449000 -29549.714 -30329.1181 302.6342 91.6584 
449500 -29558.2996 -30348.8104 306.9468 -347.2131 
450000 -29594.8213 -30364.9316 299.0256 349.557 
450500 -29543.9506 -30330.4462 305.3878 452.8611 
451000 -29537.2153 -30311.5091 300.65 -510.4997 
451500 -29562.303 -30328.5785 297.5365 -113.8752 
452000 -29542.6415 -30309.4209 297.7322 -39.0413 
452500 -29580.5175 -30361.7353 303.3385 -178.8337 
453000 -29543.1223 -30318.9825 301.2582 -151.7692 
453500 -29500.3715 -30340.2049 326.0983 64.4964 
454000 -29557.2512 -30310.7851 292.5891 119.4194 
454500 -29535.5222 -30303.6665 298.2622 59.0866 
455000 -29554.5157 -30307.753 292.474 -116.8385 
455500 -29544.6982 -30341.4809 309.3822 56.9405 
456000 -29541.3253 -30325.6802 304.5566 129.8704 
456500 -29589.3504 -30342.5983 292.4781 251.8731 
457000 -29560.1132 -30345.6421 305.0124 -70.2756 
457500 -29590.8147 -30316.1471 281.6388 -103.4887 
458000 -29586.7404 -30342.021 293.2673 92.4397 
458500 -29559.207 -30302.4565 288.5958 -266.6465 
459000 -29540.7859 -30312.1604 299.5164 11.7044 
459500 -29593.5387 -30354.116 295.324 137.4231 
460000 -29542.8321 -30341.6258 310.163 0.9227 
460500 -29590.4387 -30365.4736 300.9377 -74.0856 
461000 -29576.3121 -30340.1297 296.5822 -143.3354 
461500 -29558.9286 -30343.9107 304.8001 -202.9087 
462000 -29583.6809 -30359.4477 301.2219 240.3189 
462500 -29637.5077 -30387.6356 291.2666 135.8111 
463000 -29604.2579 -30346.7878 288.3164 109.4789 
463500 -29585.2982 -30359.5191 300.6217 177.4821 
464000 -29578.3865 -30340.462 295.9057 249.0577 
464500 -29622.2121 -30352.7963 283.678 -240.2972 
465000 -29618.4599 -30364.041 289.5012 -397.9757 
465500 -29590.8199 -30341.3719 291.4313 -389.5937 
466000 -29569.3959 -30346.6178 301.7869 -219.6273 
466500 -29586.0535 -30378.9433 307.8706 -125.453 
467000 -29544.7221 -30359.3308 316.3038 351.0072 
467500 -29557.6537 -30339.1057 303.4294 259.5396 
468000 -29547.479 -30319.0073 299.5761 -89.7484 
468500 -29520.2779 -30337.9822 317.5058 -228.471 
469000 -29574.409 -30341.1631 297.7224 -26.2755 
469500 -29587.423 -30318.4861 283.864 59.3938 
470000 -29592.9001 -30349.9374 293.9495 -119.884 
470500 -29634.6037 -30374.702 287.3722 -85.5128 
471000 -29586.2873 -30362.5797 301.426 337.9453 
471500 -29606.4419 -30370.8854 296.8252 40.5202 
472000 -29596.6492 -30356.4195 295.0107 -283.5204 
472500 -29552.0203 -30333.5828 303.4723 111.5112 
473000 -29545.885 -30326.9812 303.2913 102.1315 
473500 -29553.8774 -30309.1165 293.2512 109.0239 
474000 -29571.3111 -30367.2678 309.0614 160.5942 
474500 -29591.1061 -30333.4857 288.258 76.3488 
475000 -29577.8594 -30362.5654 304.6929 -367.9316 
475500 -29612.8573 -30366.0443 292.4544 144.954 
476000 -29578.3713 -30356.3507 302.081 -17.0283 
476500 -29557.4615 -30345.2971 305.9081 19.1145 
477000 -29567.8348 -30352.8213 304.8019 -190.9612 
477500 -29533.4727 -30292.9957 294.9147 -350.0126 
478000 -29500.5128 -30291.0682 306.9642 222.7717 
478500 -29590.3423 -30356.3091 297.4167 311.808 
479000 -29598.1055 -30348.0345 291.1894 40.4582 
479500 -29578.4925 -30340.545 295.8968 -341.0842 
480000 -29586.9897 -30322.4011 285.5524 -212.8495 
480500 -29583.5948 -30348.9536 297.1806 -289.2405 
481000 -29666.9734 -30407.5044 287.5402 316.5595 
481500 -29602.9942 -30343.8822 287.6789 130.8099 
482000 -29560.062 -30330.8517 299.2894 -48.345 
482500 -29535.4377 -30285.4022 291.2032 63.1756 
483000 -29593.0907 -30340.3 290.1334 -159.8834 
483500 -29573.3556 -30344.0148 299.2387 -20.3794 
484000 -29580.1196 -30364.6589 304.6282 21.1657 
484500 -29600.5128 -30360.838 295.2261 296.9787 
485000 -29567.4641 -30346.3325 302.4262 -362.0 
485500 -29544.4171 -30344.6815 310.7341 -221.471 
486000 -29548.9768 -30345.9954 309.4738 124.4661 
486500 -29497.0072 -30330.546 323.6542 70.6914 
487000 -29575.4803 -30329.3902 292.7351 -215.2595 
487500 -29536.3449 -30345.3055 314.1107 246.1253 
488000 -29546.6548 -30331.9293 304.9136 333.5004 
488500 -29585.7992 -30365.6183 302.7954 91.4782 
489000 -29542.3463 -30334.5442 307.602 -221.693 
489500 -29588.1992 -30377.8871 306.6273 -128.2183 
490000 -29653.2287 -30388.6491 285.5558 -56.738 
490500 -29580.9042 -30359.1751 302.1943 89.1143 
491000 -29579.8237 -30348.1067 298.3161 200.0268 
491500 -29588.0935 -30345.8558 294.231 11.1147 
492000 -29529.9174 -30339.4319 314.3258 28.5285 
492500 -29515.9851 -30317.3094 311.1457 -182.5106 
493000 -29548.497 -30354.8869 313.1125 293.1854 
493500 -29522.3832 -30304.9438 303.8599 70.6928 
494000 -29558.6323 -30340.5183 303.5979 -132.9252 
494500 -29603.9112 -30369.6087 297.3121 182.5209 
495000 -29625.686 -30385.3233 294.959 -123.2734 
495500 -29599.1195 -30357.1156 294.3217 372.9697 
496000 -29611.2586 -30346.5115 285.4908 -33.7864 
496500 -29597.2329 -30327.6569 283.6158 -378.6703 
497000 -29579.0657 -30333.754 293.0374 -205.176 
497500 -29621.2227 -30387.5581 297.5598 -59.461 
498000 -29559.9316 -30332.0632 299.8104 -289.2141 
498500 -29599.2545 -30359.6369 295.2483 -288.4454 
499000 -29568.173 -30324.9369 293.8433 75.1815 
499500 -29535.607 -30331.4812 309.0294 475.3 
500000 -29549.4619 -30295.4721 289.6678 163.1098 
