# step Etot Epot T p 
0 -9930.9718 -21360.4475 324.4527 -352.5123 
500 -9734.6636 -21205.1607 325.6172 -256.2841 
1000 -9895.6925 -21190.3521 320.6257 -402.8981 
1500 -9903.9046 -21082.2447 317.3237 -752.6999 
2000 -9836.9164 -21180.2691 322.0079 -51.3428 
2500 -9915.9891 -21187.2217 319.9606 -569.841 
3000 -9811.0139 -21044.4994 318.8891 -173.4786 
3500 -9741.7299 -21094.5689 322.2772 -401.1365 
4000 -9718.1823 -21143.6613 324.3393 588.7852 
4500 -9620.7204 -20929.4643 321.0255 295.6429 
5000 -9681.6073 -21024.7249 322.0013 -170.3627 
5500 -9702.021 -21011.8636 321.0567 -645.1754 
6000 -9769.3201 -21120.8369 322.2397 -690.4631 
6500 -9623.652 -21051.1471 324.3965 3.2375 
7000 -9641.373 -21013.1186 322.8139 -688.4033 
7500 -9776.8002 -21025.5282 319.3218 -295.9178 
8000 -9587.9765 -20964.5035 322.9497 -303.1622 
8500 -9721.4628 -20988.4695 319.8407 -117.9886 
9000 -9869.4813 -21247.8452 323.0018 36.3064 
9500 -9757.6133 -21101.1384 322.0128 456.8764 
10000 -9884.879 -21190.5472 320.9382 220.3435 
10500 -9811.8195 -21076.4701 319.7738 253.0789 
11000 -9593.7545 -20960.732 322.6786 68.3129 
11500 -9710.8714 -21047.3322 321.8123 -131.7218 
12000 -9672.8345 -21019.1695 322.0926 -89.3609 
12500 -9653.9655 -21033.801 323.0436 168.6197 
13000 -9677.2328 -21068.8532 323.3781 70.911 
13500 -9605.8255 -21032.5527 324.3747 134.4761 
14000 -9700.587 -21086.1246 323.2055 -901.5621 
14500 -9832.4463 -21084.3268 319.4113 -309.8024 
15000 -9763.1227 -21075.7926 321.1369 60.8491 
15500 -9808.8911 -21025.8589 318.4202 -147.227 
16000 -9748.5263 -21078.9282 321.6403 -188.7102 
16500 -9725.5065 -21148.0642 324.2564 263.3268 
17000 -9691.8533 -21023.224 321.6678 120.2134 
17500 -9759.0735 -21098.4208 321.8942 94.5425 
18000 -9767.7334 -21115.39 322.1301 106.2517 
18500 -9778.2343 -21030.4954 319.4221 -649.3915 
19000 -9873.4111 -21276.803 323.7123 -30.3274 
19500 -9847.9845 -21103.5227 319.5151 -179.2521 
20000 -9692.9343 -21026.3941 321.7271 -216.7183 
20500 -9632.3681 -21027.9131 323.4895 205.4434 
21000 -9558.5633 -20981.8201 324.2762 -85.5658 
21500 -9616.2283 -21045.2741 324.4405 3.7565 
22000 -9752.134 -21106.1139 322.3096 -93.0785 
22500 -9714.0811 -21084.8494 322.7862 361.1738 
23000 -9679.6835 -21099.4828 324.1781 667.1285 
23500 -9501.9126 -20972.4383 325.618 109.5297 
24000 -9655.4192 -20994.0316 321.8734 -31.3774 
24500 -9890.0072 -21253.0729 322.5675 78.6052 
25000 -9718.2422 -20952.1872 318.9021 -15.3407 
25500 -9879.0244 -21145.8671 319.836 258.4423 
26000 -9885.3705 -21142.1524 319.5504 -43.741 
26500 -9778.8907 -20909.4241 315.9666 -281.3703 
27000 -9613.4772 -20869.4014 319.5261 -106.5695 
27500 -9638.1863 -21076.7132 324.7097 442.7327 
28000 -9612.9267 -20933.8136 321.3702 -137.3433 
28500 -9437.3068 -20834.3588 323.5323 -100.3435 
29000 -9525.1482 -21029.9289 326.5905 111.9723 
29500 -9505.637 -20882.9479 322.9719 -51.1213 
30000 -9488.3234 -20944.7562 325.218 -134.9305 
30500 -9614.7984 -21055.1133 324.7604 111.887 
31000 -9472.0852 -20842.1251 322.7655 -118.7417 
31500 -9627.5978 -20979.0727 322.2385 -76.2408 
32000 -9702.7142 -21139.3683 324.6565 -627.0137 
32500 -9624.0502 -20974.7397 322.2162 -77.5853 
33000 -9691.1555 -20932.5099 319.1125 -255.7599 
33500 -9781.5297 -21104.3718 321.4257 -201.0437 
34000 -9876.844 -21170.733 320.6038 29.958 
34500 -9740.8427 -21163.3032 324.2536 -249.0515 
35000 -9788.5515 -21054.1513 319.8007 -930.5515 
35500 -9768.5463 -21044.4043 320.0919 -744.5315 
36000 -9880.0831 -21086.0221 318.1071 -371.5112 
36500 -9949.6588 -21139.3873 317.647 118.6565 
37000 -9796.5012 -21148.4869 322.253 -936.2127 
37500 -9821.1807 -21171.2558 322.1988 -43.3572 
38000 -9821.7618 -21206.7401 323.1896 -600.628 
38500 -9960.5939 -21207.0642 319.2577 -693.5781 
39000 -9786.5975 -21049.6724 319.7291 254.7583 
39500 -9730.5345 -21257.2265 327.2125 41.4339 
40000 -9720.401 -21138.8944 324.141 8.6729 
40500 -9906.2778 -21200.6828 320.6184 -103.439 
41000 -9752.5021 -20988.5807 318.9627 -138.0781 
41500 -9735.8137 -21019.1264 320.3036 202.5932 
42000 -9710.7313 -21165.2915 325.1648 -63.8856 
42500 -9753.8026 -21168.2347 324.0257 -402.5895 
43000 -9481.605 -20845.1162 322.5802 -183.5653 
43500 -9527.5342 -20923.7246 323.5079 -14.1806 
44000 -9424.9457 -20975.9458 327.9025 -410.6876 
44500 -9617.4804 -21065.4792 324.9786 -687.0995 
45000 -9559.1036 -21027.4548 325.5563 -413.9311 
45500 -9582.4903 -20998.1002 324.0591 -72.3841 
46000 -9689.6359 -20956.4162 319.8342 -557.698 
46500 -9686.1911 -21113.5066 324.3914 -92.6984 
47000 -9810.2222 -21217.4949 323.8225 -459.6179 
47500 -9689.3384 -21002.9322 321.1632 399.1584 
48000 -9643.2922 -20983.7829 321.9267 -388.4 
48500 -9634.5732 -21046.9341 323.9669 -266.0274 
49000 -9567.8609 -20981.3143 323.9979 -433.4393 
49500 -9743.8024 -20978.9982 318.9376 -696.2541 
50000 -9721.2092 -21026.0163 320.9137 -743.536 
50500 -9610.1439 -20921.8968 321.1109 118.7447 
51000 -9566.3355 -20999.4259 324.5554 -11.8669 
51500 -9857.3295 -21143.0232 320.3712 9.9636 
52000 -9755.3483 -21089.9736 321.7602 -196.5086 
52500 -9873.9896 -21128.9535 319.4988 -142.6833 
53000 -9980.1303 -21233.7207 319.4598 410.5735 
53500 -9893.7936 -21142.1015 319.3099 -178.7097 
54000 -9875.8084 -21132.3485 319.5436 -480.3392 
54500 -9899.8011 -21057.3613 316.7338 -292.4749 
55000 -9731.5205 -21156.3354 324.3204 -771.6414 
55500 -9749.7828 -21010.1804 319.6531 -466.1862 
56000 -9787.2758 -21092.9611 320.9387 -420.3269 
56500 -9915.2614 -21098.1454 317.4527 -117.9135 
57000 -9982.7517 -21244.0449 319.6785 -4.8401 
57500 -9833.633 -21156.9709 321.4398 -184.0937 
58000 -9825.9981 -21143.8321 321.2835 447.817 
58500 -9772.5995 -21059.6548 320.4098 -100.9887 
59000 -9681.2799 -20979.274 320.7203 125.2794 
59500 -9589.2003 -20872.8534 320.3132 -299.7485 
60000 -9752.4518 -21038.8597 320.3914 -279.2897 
60500 -9694.7331 -21040.2117 322.0683 -587.3036 
61000 -9615.9128 -20940.8424 321.485 -449.2755 
61500 -9646.4882 -21049.576 323.7037 -1.0109 
62000 -9476.2808 -20763.0984 320.4031 -390.1486 
62500 -9545.3448 -20980.3927 324.6109 -493.4788 
63000 -9508.0326 -20881.5973 322.8656 -189.8637 
63500 -9634.8846 -21086.0891 325.0696 -550.7077 
64000 -9570.2938 -20965.3122 323.4746 -479.1781 
64500 -9573.4676 -21082.5185 326.7117 310.2026 
65000 -9562.0406 -20993.5369 324.5101 -207.2657 
65500 -9697.2976 -21011.6843 321.1857 88.9517 
66000 -9812.0639 -21123.2313 321.0943 -556.9114 
66500 -9831.918 -21089.1349 319.5628 162.7354 
67000 -9708.305 -21042.0726 321.7358 -248.6406 
67500 -9758.8265 -21020.9508 319.7021 -156.9186 
68000 -9848.8295 -21249.2517 323.628 -144.6187 
68500 -9910.7831 -21171.5504 319.6636 492.9473 
69000 -9962.3783 -21224.9878 319.7159 -458.5491 
69500 -9839.309 -21164.5459 321.4937 27.9888 
70000 -9850.6494 -21236.2086 323.2061 -129.9427 
70500 -9860.925 -21190.1214 321.6061 -164.2463 
71000 -9761.0409 -21179.0853 324.1282 15.0985 
71500 -9704.294 -21040.6672 321.8098 -572.0712 
72000 -9829.3469 -21058.6173 318.7694 394.8862 
72500 -9732.9024 -21105.0217 322.8245 -109.5868 
73000 -9570.3315 -20972.4785 323.677 -854.0097 
73500 -9785.3516 -21107.9646 321.4192 445.9959 
74000 -9805.1416 -21149.2251 322.0287 -969.9579 
74500 -9620.0163 -20915.6629 320.6537 -500.0174 
75000 -9564.129 -20961.8469 323.5512 -53.3062 
75500 -9599.4678 -20954.3718 322.3359 -68.118 
76000 -9726.3711 -21093.7978 322.6913 -551.4453 
76500 -9789.0597 -21058.2027 319.9013 -261.4105 
77000 -9739.379 -21153.7012 324.0226 -164.9001 
77500 -9659.3114 -21040.0325 323.0687 -495.0106 
78000 -9603.545 -21067.3646 325.4277 312.9914 
78500 -9586.1684 -21133.569 327.8003 -411.4206 
79000 -9659.8138 -21056.2282 323.5142 84.9533 
79500 -9832.3149 -21135.2931 320.8618 22.9218 
80000 -9808.0369 -21060.5045 319.428 -155.2038 
80500 -9851.7746 -21157.1283 320.9292 251.6392 
81000 -9725.0885 -21093.2407 322.7119 -79.7684 
81500 -9807.5791 -21159.9335 322.2635 -73.8781 
82000 -9805.4783 -21186.3826 323.0739 -738.5887 
82500 -9755.9622 -21149.8478 323.4424 564.6292 
83000 -9798.2012 -21068.7664 319.9417 -512.5928 
83500 -9796.3642 -21045.8062 319.3421 -455.9041 
84000 -9809.7558 -21166.2745 322.3817 18.6484 
84500 -9979.0436 -21194.2427 318.37 -127.617 
85000 -9941.8442 -21185.3277 319.1729 -994.773 
85500 -9886.7466 -21167.1518 320.221 -58.9083 
86000 -9768.3488 -21109.1233 321.9348 92.9622 
86500 -9734.6857 -21112.8247 322.9954 86.1553 
87000 -9769.6935 -21211.0878 324.7911 -52.6524 
87500 -9666.0467 -21083.8272 324.1208 -156.4316 
88000 -9791.9058 -21126.2322 321.7517 -354.6661 
88500 -9602.5365 -20897.6669 320.639 63.7416 
89000 -9603.1703 -20950.8289 322.1302 -385.4531 
89500 -9703.3164 -21092.7561 323.3162 -272.4874 
90000 -9839.2347 -21226.1828 323.2455 22.5136 
90500 -9878.0968 -21193.4123 321.212 -415.5716 
91000 -9675.6774 -21064.0245 323.2852 326.4499 
91500 -9640.0017 -21015.5749 322.9226 291.491 
92000 -9524.4742 -20934.1819 323.8916 -105.5732 
92500 -9494.7937 -21007.7941 326.8238 -143.5419 
93000 -9508.3157 -20867.1375 322.4471 -218.9177 
93500 -9593.033 -21087.0558 326.2851 -622.9543 
94000 -9699.5633 -21030.72 321.6617 -555.1925 
94500 -9814.9583 -21099.4902 320.3382 210.4275 
95000 -9768.4968 -21016.1994 319.2927 -282.9912 
95500 -9664.3813 -21013.4205 322.1694 -243.0584 
96000 -9696.8509 -21115.1575 324.1357 -418.8777 
96500 -9589.1987 -20961.0274 322.8163 -608.9218 
97000 -9534.7686 -20962.3695 324.3995 125.6804 
97500 -9493.8599 -20809.7021 321.227 -509.0958 
98000 -9627.6902 -21025.4576 323.5526 158.2589 
98500 -9684.6411 -20900.039 318.3756 -698.9672 
99000 -9756.29 -21010.6848 319.4827 84.0636 
99500 -9684.2123 -21055.8789 322.8117 -77.7464 
100000 -9845.9931 -21097.388 319.3975 -586.8985 
100500 -9746.0579 -21113.9717 322.7052 341.1218 
101000 -9853.9374 -21060.0171 318.1111 173.2534 
101500 -9893.086 -21189.9213 320.6874 -369.4754 
102000 -9994.4412 -21260.2278 319.806 9.2834 
102500 -9830.0516 -21236.6869 323.8044 -518.5712 
103000 -9829.0797 -21133.4489 320.9013 75.9748 
103500 -9726.699 -20969.089 319.1419 -539.1783 
104000 -9744.7764 -21142.6197 323.5548 147.0657 
104500 -9783.2044 -21124.1967 321.9409 -398.2797 
105000 -9854.3202 -21060.4684 318.1131 -130.5393 
105500 -9755.7618 -20952.9227 317.8579 -41.988 
106000 -9803.6626 -21119.3915 321.2238 -141.6068 
106500 -9743.3725 -21142.3671 323.5875 -22.0266 
107000 -9548.6552 -20865.0895 321.2438 -519.0766 
107500 -9571.659 -20947.5826 322.9325 282.1668 
108000 -9698.3413 -21071.8716 322.8646 -155.5511 
108500 -9792.192 -21112.3701 321.3501 606.9631 
109000 -9892.6863 -21127.044 318.9139 -482.9 
109500 -9741.2168 -21091.7928 322.213 -415.8094 
110000 -9555.9931 -20941.8043 323.2132 945.1267 
110500 -9472.8699 -20874.0208 323.6487 612.1714 
111000 -9566.1329 -20903.1189 321.8272 -490.7057 
111500 -9680.8954 -21085.1594 323.7371 -59.7455 
112000 -9785.7742 -21128.0398 321.9771 49.5674 
112500 -9768.4987 -21155.7649 323.2545 186.6177 
113000 -9662.2161 -21030.8743 322.7263 -347.6007 
113500 -9486.5644 -20853.3244 322.6724 -232.3046 
114000 -9399.9449 -20878.198 325.8374 247.378 
114500 -9455.916 -20860.1216 323.7354 524.1383 
115000 -9554.6073 -20910.5524 322.3654 -545.8898 
115500 -9491.7505 -20967.4177 325.764 -73.4775 
116000 -9377.9782 -20787.6083 323.8894 734.1939 
116500 -9753.6479 -21010.0006 319.5382 -2.7296 
117000 -9754.0365 -21073.1051 321.3186 -361.8306 
117500 -9742.1158 -21033.6418 320.5367 -537.2689 
118000 -9507.9366 -21009.4885 326.4988 -388.5337 
118500 -9613.5669 -20964.8958 322.2344 -715.8517 
119000 -9669.2106 -21016.3112 322.1143 63.2968 
119500 -9665.6853 -20886.0299 318.5161 -292.1382 
120000 -9622.7525 -21082.3836 325.3088 42.7093 
120500 -9531.1213 -21005.6826 325.7326 -752.9849 
121000 -9634.1523 -21162.066 327.2471 -492.7863 
121500 -9737.329 -21037.1688 320.7727 -337.8911 
122000 -9702.7377 -21086.5568 323.1567 224.4494 
122500 -9793.3587 -21207.883 324.0283 298.2104 
123000 -9800.5922 -21157.2956 322.3869 -937.1973 
123500 -9917.2348 -21203.7809 320.3953 -358.6616 
124000 -9825.6463 -21128.6891 320.8636 -88.1596 
124500 -9654.5908 -20962.4265 320.9997 -159.4186 
125000 -9563.2392 -20981.9335 324.1467 -227.9789 
125500 -9700.2482 -21080.7238 323.0618 -180.7816 
126000 -9580.1314 -20898.9843 321.3125 -36.4097 
126500 -9648.286 -21021.5736 322.8577 36.1344 
127000 -9658.9568 -21062.7956 323.725 -613.7243 
127500 -9775.0955 -21141.7186 322.6685 -643.3479 
128000 -9870.4882 -21042.2355 317.1365 -521.646 
128500 -9645.3682 -20997.4397 322.2554 -368.8491 
129000 -9730.6462 -21033.8641 320.8686 -62.58 
129500 -9731.0208 -21051.4785 321.358 -72.0433 
130000 -9863.399 -21152.8354 320.4774 -167.8272 
130500 -9857.1096 -21150.4186 320.5873 -743.4727 
131000 -9925.4048 -21182.2164 319.5513 -732.2928 
131500 -9875.3788 -21229.4968 322.3135 1339.8338 
132000 -9730.3269 -21107.347 322.9637 -1099.3062 
132500 -9589.7885 -20977.6041 323.2701 -224.2428 
133000 -9514.4866 -20903.9923 323.3181 -372.5444 
133500 -9480.6973 -20909.0334 324.4204 342.7565 
134000 -9604.6898 -21045.0066 324.7605 -304.1272 
134500 -9618.6055 -21071.1754 325.1083 -323.726 
135000 -9650.4903 -20982.0959 321.6745 -191.8742 
135500 -9537.5685 -21150.1239 329.6499 -668.9908 
136000 -9550.5093 -20959.0602 323.8587 -312.7069 
136500 -9678.5318 -21067.7667 323.3104 -388.6682 
137000 -9664.6704 -21075.1476 323.9134 250.6339 
137500 -9769.9206 -21130.9802 322.5106 -55.2279 
138000 -9776.7954 -21172.84 323.5037 -157.4101 
138500 -9650.9918 -21009.353 322.434 -157.6273 
139000 -9748.3948 -20933.5372 317.5168 -38.0149 
139500 -9712.1201 -21071.9051 322.4744 -667.204 
140000 -9513.4124 -21017.5475 326.5721 25.0547 
140500 -9561.8404 -21066.7778 326.5949 -747.8313 
141000 -9539.0735 -20971.0715 324.5243 -70.6769 
141500 -9557.8219 -21056.3787 326.4138 -80.0069 
142000 -9636.0103 -20993.7853 322.4174 -162.7594 
142500 -9590.5061 -20960.194 322.7555 -339.9376 
143000 -9578.1922 -20971.4132 323.4236 -517.7891 
143500 -9746.8625 -21084.9095 321.8573 -237.718 
144000 -9717.42 -21093.7103 322.9429 -6.8958 
144500 -9830.4346 -21165.0212 321.7591 -440.0233 
145000 -9988.9764 -21264.9023 320.0939 180.7515 
145500 -9853.4718 -21221.6951 322.714 22.3189 
146000 -9893.053 -21224.9781 321.6835 5.73 
146500 -10112.4366 -21266.8483 316.6444 408.8328 
147000 -9895.5143 -21078.3002 317.4499 503.7487 
147500 -9881.1006 -21191.1304 321.062 -99.2939 
148000 -9967.4675 -21197.4975 318.791 471.2624 
148500 -9905.5164 -21204.9506 320.7612 -469.6195 
149000 -9864.9753 -21182.9903 321.2887 -213.9131 
149500 -9782.4934 -21186.6804 323.7349 151.2932 
150000 -9602.2593 -20966.1884 322.5921 -110.2021 
150500 -9524.9119 -20953.9187 324.4394 -165.7459 
151000 -9631.5394 -21023.8423 323.3975 -325.1663 
151500 -9770.2384 -21032.2775 319.6997 -816.7339 
152000 -9722.5775 -20989.7243 319.8447 627.705 
152500 -9501.7299 -20846.3825 322.0448 627.9545 
153000 -9359.2038 -20785.8786 324.3732 -239.4628 
153500 -9472.027 -20928.8442 325.2289 -54.7636 
154000 -9400.576 -20965.2591 328.2909 -634.588 
154500 -9533.3307 -20951.3732 324.1282 134.2632 
155000 -9478.3834 -20955.8958 325.8164 88.8906 
155500 -9597.4578 -21192.2183 329.1447 -731.3079 
156000 -9492.6695 -20943.8248 325.0682 52.216 
156500 -9483.4814 -20899.4424 324.0691 581.3113 
157000 -9517.3564 -20899.2688 323.1025 -130.5919 
157500 -9534.5068 -20937.329 323.6961 -105.5395 
158000 -9708.6274 -21026.5668 321.2865 -19.4807 
158500 -9636.92 -21092.4468 325.1923 -90.2819 
159000 -9784.6576 -21125.2175 321.9287 -275.1841 
159500 -9589.398 -20948.1383 322.4448 -487.9164 
160000 -9511.5871 -20985.7809 325.7222 30.2522 
160500 -9567.0141 -20960.7296 323.4376 -50.7425 
161000 -9658.2772 -21131.3219 325.6896 73.1573 
161500 -9761.6676 -21063.4393 320.8276 -549.2599 
162000 -9564.5525 -21042.7682 325.8363 16.9815 
162500 -9634.0233 -20957.0604 321.4312 -161.9872 
163000 -9611.7515 -21021.953 323.9056 383.3651 
163500 -9452.9063 -20933.2776 325.8975 -400.2632 
164000 -9497.7685 -20987.1735 326.154 12.1541 
164500 -9520.5626 -20979.5706 325.2911 -89.5466 
165000 -9498.2813 -20899.9641 323.6638 -360.1782 
165500 -9426.6878 -20825.6376 323.5862 -280.6728 
166000 -9505.297 -20897.8475 323.4045 -121.77 
166500 -9382.4389 -20799.9883 324.1142 777.7798 
167000 -9706.8208 -21122.6319 324.0648 -483.1702 
167500 -9612.8898 -20858.6637 319.2379 17.8488 
168000 -9540.5945 -20897.3018 322.387 -116.9675 
168500 -9600.9959 -21037.3025 324.6467 520.371 
169000 -9632.7377 -20953.2777 321.3603 481.7217 
169500 -9446.8868 -20949.3778 326.5255 643.3341 
170000 -9416.5634 -20914.0997 326.3848 -343.6341 
170500 -9448.4705 -21040.004 329.0531 505.2633 
171000 -9245.542 -20793.322 327.8111 440.3862 
171500 -9338.5618 -21025.9128 331.7731 79.2927 
172000 -9507.7926 -20977.0091 325.5809 -703.9543 
172500 -9627.8548 -21011.4362 323.1499 -399.7342 
173000 -9867.9017 -21121.9461 319.4727 -849.6291 
173500 -9661.8133 -21122.3204 325.3336 -310.203 
174000 -9702.5049 -21030.9876 321.5858 303.2705 
174500 -9643.9002 -21084.3687 324.7648 219.1709 
175000 -9648.5359 -21077.9187 324.4501 305.5197 
175500 -9616.8489 -20937.6339 321.3673 -781.4473 
176000 -9638.9993 -20923.3641 320.3334 -418.4979 
176500 -9489.1921 -20996.0995 326.6508 84.2266 
177000 -9560.4167 -21013.5919 325.1255 174.1441 
177500 -9361.4945 -20848.1014 326.0746 216.3203 
178000 -9500.2266 -20984.0866 325.9966 -219.0942 
178500 -9597.511 -21042.7224 324.8994 -64.1388 
179000 -9593.574 -20936.9209 322.0078 425.2093 
179500 -9762.4227 -20985.1196 318.5828 -89.999 
180000 -9775.2723 -21155.4587 323.0536 -285.7393 
180500 -9845.4758 -21163.2284 321.2812 -109.3744 
181000 -9730.5442 -21075.5365 322.0545 -47.6267 
181500 -9702.0733 -21075.0336 322.8484 -134.0375 
182000 -9639.0404 -21069.7199 324.4869 -391.481 
182500 -9859.6446 -21151.6526 320.5504 360.4864 
183000 -9931.8731 -21122.3227 317.6674 -15.6923 
183500 -9721.2713 -21076.7413 322.3519 -109.3658 
184000 -9491.5178 -20959.7627 325.5533 -471.6109 
184500 -9530.1122 -21070.8285 327.6106 -477.1351 
185000 -9759.1572 -21162.2159 323.7028 -475.8375 
185500 -9676.107 -21094.4645 324.1371 -478.882 
186000 -9579.6982 -21078.2905 326.4148 -73.4954 
186500 -9642.6189 -20995.0803 322.2665 326.5867 
187000 -9493.9282 -20989.6934 326.3345 -23.9846 
187500 -9509.05 -20929.2321 324.1889 220.305 
188000 -9607.7037 -21066.5259 325.2858 -126.7974 
188500 -9702.2958 -21232.1182 327.3013 -119.4358 
189000 -9810.6489 -21060.3372 319.3491 -365.382 
189500 -9785.2637 -21106.6313 321.3838 472.3468 
190000 -9800.863 -21197.1871 323.5117 -201.7907 
190500 -9644.0547 -21107.1634 325.4075 401.2733 
191000 -9717.8782 -21067.0451 322.173 -539.8119 
191500 -9811.3435 -21042.6768 318.828 53.2627 
192000 -9672.4689 -21030.5677 322.4265 3.4864 
192500 -9782.2782 -21155.0078 322.8419 -180.972 
193000 -9780.413 -21040.0713 319.6321 37.9163 
193500 -9670.0653 -21065.3317 323.4816 258.9051 
194000 -9536.5407 -20974.3795 324.6902 -593.502 
194500 -9440.1642 -20853.1223 323.9839 -761.1623 
195000 -9462.6266 -20983.2857 327.0412 -3.1237 
195500 -9644.7003 -20985.8509 321.9454 -246.5833 
196000 -9596.5992 -20804.9186 318.1747 -34.8704 
196500 -9689.4623 -20988.6235 320.7535 -0.741 
197000 -9916.2259 -21167.5639 319.3959 -171.3373 
197500 -9705.2801 -21019.1225 321.1702 28.8594 
198000 -9684.1003 -20991.1097 320.9762 -432.1008 
198500 -9525.1686 -20991.3673 325.4952 247.7683 
199000 -9654.0704 -20985.5598 321.6712 -53.4957 
199500 -9648.8747 -20944.997 320.6672 -281.8961 
200000 -9962.6067 -21174.0366 318.263 -224.0552 
200500 -9941.3093 -21343.571 323.6802 343.0819 
201000 -9882.3228 -21129.0594 319.2653 -346.7675 
201500 -9928.9328 -21192.961 319.7561 -125.2794 
202000 -9988.3913 -21140.8147 316.588 45.8894 
202500 -9898.4737 -21231.488 321.7145 341.9186 
203000 -9853.5866 -21187.7307 321.7465 -643.4884 
203500 -9823.1424 -21177.578 322.3226 -598.4249 
204000 -9721.7284 -21110.3329 323.2925 -114.8127 
204500 -9810.9688 -21058.5581 319.2895 -124.3646 
205000 -9914.117 -21214.0786 320.7762 -151.9385 
205500 -9750.0914 -20993.7035 319.1766 -64.8275 
206000 -9695.9884 -20932.1391 318.9648 -367.1665 
206500 -9789.1662 -21069.0415 320.206 -512.7745 
207000 -10049.3785 -21362.5894 321.1523 -456.7456 
207500 -10006.5043 -21242.5793 318.9626 99.6529 
208000 -9853.9395 -21175.2496 321.3822 -161.4591 
208500 -9876.89 -21170.9165 320.6077 -239.6874 
209000 -9786.5252 -21097.9394 321.1013 -384.6914 
209500 -9909.3813 -21170.9657 319.6868 27.8931 
210000 -9759.6795 -21029.8835 319.9314 151.7701 
210500 -9801.2228 -21101.4965 320.785 -443.8234 
211000 -9737.6101 -21137.439 323.6111 158.9927 
211500 -9842.7891 -21195.1474 322.2636 -58.5724 
212000 -9710.8739 -21018.0292 320.9804 226.1761 
212500 -9575.8058 -21019.3941 324.8534 -144.7847 
213000 -9580.4617 -21037.8664 325.2456 -395.3529 
213500 -9644.7327 -21004.4013 322.4711 -185.6365 
214000 -9838.0743 -21107.2636 319.9026 -51.1204 
214500 -9944.8851 -21081.406 316.1365 -448.2221 
215000 -9771.9443 -21268.5879 326.3595 -18.0056 
215500 -9710.143 -21171.1071 325.3466 39.0081 
216000 -9704.3139 -20999.3848 320.6373 -512.4015 
216500 -9835.2317 -21012.223 317.2854 -612.3243 
217000 -9707.4293 -21123.2666 324.0656 -140.4492 
217500 -9715.9373 -21093.7715 322.9868 -571.9569 
218000 -9642.3496 -20994.7962 322.2661 -378.192 
218500 -9702.6712 -20950.2754 319.2899 -217.5709 
219000 -9664.0208 -20965.4234 320.8171 -410.1564 
219500 -9742.4276 -21023.8072 320.2487 -524.2173 
220000 -9779.1577 -21026.5334 319.2834 298.2851 
220500 -9887.1916 -21186.808 320.7664 -7.2725 
221000 -9832.5455 -21148.7013 321.2359 -226.0414 
221500 -9877.3859 -21150.4336 320.0122 25.2075 
222000 -9835.4529 -21061.0888 318.6663 -479.3418 
222500 -9761.7446 -21042.0316 320.2177 -15.682 
223000 -9712.4888 -21085.7703 322.8575 -338.1648 
223500 -9822.1243 -21056.0257 318.9009 85.652 
224000 -9740.145 -21026.2923 320.384 -207.8408 
224500 -9671.654 -21033.0131 322.5191 -457.1839 
225000 -9771.4371 -21208.7668 324.6757 -114.735 
225500 -9697.2503 -21049.6779 322.2656 -388.6133 
226000 -9697.0898 -20993.4167 320.673 -385.1136 
226500 -9604.0038 -20889.9977 320.3797 -579.1607 
227000 -9757.7447 -21022.9992 319.7909 -218.7661 
227500 -9874.5502 -21049.3622 317.2235 -196.3601 
228000 -9888.6474 -21121.9513 318.8839 -277.0989 
228500 -9814.3982 -21176.4729 322.5394 -389.6102 
229000 -9993.6252 -21147.026 316.6157 -81.0377 
229500 -10016.4066 -21208.2179 317.7061 -174.0174 
230000 -9995.9217 -21245.8988 319.3573 -277.4499 
230500 -10071.4377 -21226.3909 316.6598 -105.8356 
231000 -9873.1892 -21152.5328 320.1909 103.1798 
231500 -9893.1368 -21176.9435 320.3176 -233.343 
232000 -9853.6499 -21209.9504 322.3755 -635.8753 
232500 -9907.2007 -21043.635 316.1341 -688.1519 
233000 -9705.4625 -21062.264 322.3897 425.5643 
233500 -9549.7522 -20924.6392 322.9031 -266.7772 
234000 -9585.271 -21062.0953 325.7968 -48.3247 
234500 -9788.034 -21132.3379 322.0349 -754.1573 
235000 -9733.5282 -21137.754 323.736 -668.7693 
235500 -9861.52 -21223.3233 322.5317 -60.0324 
236000 -9657.5104 -20964.4816 320.9752 -429.6774 
236500 -9541.1808 -20902.3238 322.513 310.7975 
237000 -9503.2654 -20987.5745 326.0093 340.3948 
237500 -9610.6563 -20961.9881 322.2344 -598.7253 
238000 -9631.6354 -21029.0644 323.543 -772.6585 
238500 -9629.5447 -20923.3659 320.6019 -195.9441 
239000 -9617.994 -21018.8503 323.6403 -577.68 
239500 -9646.1198 -21102.6297 325.2202 104.0558 
240000 -9629.9865 -21019.4465 323.3168 -165.3632 
240500 -9676.565 -20901.735 318.653 144.8305 
241000 -9741.6505 -21126.3712 323.1823 78.6329 
241500 -9746.0695 -21044.2531 320.7257 -107.446 
242000 -9816.7795 -21059.2234 319.1434 -135.0356 
242500 -9653.0919 -21040.2079 323.2503 -17.5921 
243000 -9659.5345 -21141.3626 325.9389 392.0887 
243500 -9574.2736 -21040.5958 325.4987 367.2467 
244000 -9652.0218 -20918.5373 319.8267 152.9245 
244500 -9763.6693 -21162.3526 323.5786 109.8035 
245000 -9923.0669 -21134.4651 318.2621 129.9457 
245500 -9796.0198 -21005.0318 318.1944 29.5552 
246000 -9479.089 -20902.4394 324.2789 -222.4029 
246500 -9609.5606 -20984.5498 322.906 56.3972 
247000 -9676.3703 -21149.4727 325.6912 -238.058 
247500 -9700.8079 -21009.2526 321.017 -181.236 
248000 -9596.9381 -21034.3066 324.6768 -283.1269 
248500 -9537.4154 -20918.478 323.0784 419.1105 
249000 -9486.1408 -20917.331 324.5014 139.716 
249500 -9673.1713 -20984.7645 321.1064 -144.6615 
250000 -9637.9899 -21034.6031 323.5199 -309.7976 
250500 -9645.4438 -20959.6557 321.1807 -617.1094 
251000 -9597.2177 -20977.0329 323.043 -410.0679 
251500 -9621.9953 -20957.9448 321.7978 226.62 
252000 -9781.0129 -21085.4448 320.9031 -271.6477 
252500 -9731.5807 -20980.74 319.334 -361.0878 
253000 -9631.9434 -21042.6964 323.9213 -38.5718 
253500 -9659.4008 -21064.008 323.7468 50.6277 
254000 -9740.181 -20983.419 319.1659 -1351.5292 
254500 -9740.9058 -21025.1445 320.3298 -452.342 
255000 -9439.1158 -20913.9717 325.741 22.2535 
255500 -9580.3686 -21084.3086 326.5666 -208.2419 
256000 -9565.3449 -20828.6752 319.7363 -161.1677 
256500 -9649.9107 -21083.7277 324.576 -675.439 
257000 -9687.3582 -20945.2152 319.5809 -352.7691 
257500 -9753.8248 -21008.601 319.4935 -270.961 
258000 -9630.4212 -20926.1306 320.6555 -211.3154 
258500 -9731.8781 -21019.4266 320.4238 -370.4059 
259000 -9830.5103 -21094.734 319.7617 -344.0344 
259500 -9905.2287 -21197.4421 320.5562 -190.5931 
260000 -9793.5622 -21022.7686 318.7676 -288.5872 
260500 -9659.8855 -21100.4252 324.7668 -377.1731 
261000 -9710.6458 -21061.7248 322.2273 -329.0168 
261500 -9693.0643 -21032.8967 321.908 244.6625 
262000 -9718.1118 -21059.2197 321.9442 -146.3131 
262500 -9803.2349 -21047.7966 319.2035 -87.1862 
263000 -9861.2205 -21110.4242 319.3353 -33.8058 
263500 -9859.105 -21095.36 318.9677 -357.039 
264000 -9747.0995 -21109.4041 322.5459 -124.129 
264500 -9826.9359 -21144.3583 321.2718 186.8882 
265000 -9896.4455 -21205.7258 321.0407 -1161.5955 
265500 -9847.6979 -21077.2471 318.7774 -279.2825 
266000 -9818.7355 -21036.8364 318.4524 298.9334 
266500 -9851.1903 -21169.1013 321.2857 -787.2437 
267000 -9891.5448 -21129.0293 319.0026 -155.9364 
267500 -9887.4257 -21155.6607 319.8755 -152.585 
268000 -9977.5548 -21154.7633 317.2915 -260.2705 
268500 -10015.6563 -21189.2952 317.1902 -263.4253 
269000 -9886.5706 -21191.7548 320.9244 -647.1875 
269500 -9758.5219 -21046.7052 320.4418 57.9266 
270000 -9670.9226 -21037.2626 322.6605 77.6832 
270500 -9740.8397 -20988.1929 319.2828 322.1548 
271000 -9664.4023 -21069.1052 323.7495 7.2369 
271500 -9441.4447 -20832.098 323.3507 426.9663 
272000 -9511.1151 -20919.5453 323.8553 631.5162 
272500 -9699.7745 -21017.7686 321.2881 -651.5378 
273000 -9806.9755 -21033.4135 318.689 -268.2719 
273500 -9831.8767 -21125.927 320.6084 -135.0881 
274000 -9760.5747 -21193.9424 324.5632 161.6167 
274500 -9864.6005 -21211.5664 322.1105 -580.6191 
275000 -9705.7847 -21003.9168 320.7242 239.4341 
275500 -9573.6717 -20971.7782 323.5623 -493.5552 
276000 -9596.4029 -20945.0026 322.1569 -719.4654 
276500 -9673.5061 -20980.6229 320.9793 -60.9508 
277000 -9579.8583 -20978.0912 323.5658 103.9311 
277500 -9687.7435 -21000.8039 321.148 92.7189 
278000 -9566.4214 -20911.2367 322.0495 -40.5986 
278500 -9550.576 -21006.5475 325.2049 114.9102 
279000 -9589.7249 -21044.8932 325.1821 -537.9972 
279500 -9619.3402 -20937.1345 321.2824 -315.4225 
280000 -9552.058 -20912.7727 322.5008 -1102.1877 
280500 -9540.3449 -20938.1921 323.5549 71.7402 
281000 -9527.6806 -20903.3444 322.9252 169.7274 
281500 -9600.0715 -20914.7264 321.1933 50.9437 
282000 -9619.8015 -21083.7626 325.4317 -655.204 
282500 -9624.6062 -20935.8386 321.0961 -397.8975 
283000 -9645.5052 -21072.0743 324.3702 -130.9804 
283500 -9533.6603 -20897.2951 322.5837 247.6527 
284000 -9499.7756 -20940.7007 324.7778 37.1319 
284500 -9491.0028 -20975.6417 326.0187 131.132 
285000 -9671.9675 -21099.8584 324.4078 -547.2931 
285500 -9770.2816 -20967.1184 317.8487 -102.0656 
286000 -9674.2286 -21029.1477 322.3363 -253.4472 
286500 -9822.8715 -21050.835 318.7323 -137.2787 
287000 -9854.2282 -21155.268 320.8068 308.3659 
287500 -9900.5023 -21148.0159 319.2873 231.0726 
288000 -9856.811 -21041.9532 317.5168 237.1067 
288500 -9646.3266 -21076.3573 324.4685 73.6474 
289000 -9677.1361 -21030.6277 322.2958 -454.952 
289500 -9690.2465 -21018.3563 321.5752 -295.5586 
290000 -9692.2684 -21037.9396 322.0738 159.8226 
290500 -9575.5848 -20944.1879 322.7247 -66.7821 
291000 -9470.7447 -20855.9889 323.1971 265.9167 
291500 -9546.5821 -20932.5153 323.2167 -100.517 
292000 -9586.9435 -21036.4861 325.0224 -211.029 
292500 -9596.6622 -20913.3935 321.2522 187.4574 
293000 -9579.7083 -20921.137 321.9533 15.5553 
293500 -9598.2216 -20918.8575 321.3631 -780.1999 
294000 -9640.0112 -21001.6667 322.5275 -283.2255 
294500 -9567.8915 -21059.2918 326.2106 -430.7577 
295000 -9616.6518 -21007.135 323.3458 -508.9465 
295500 -9715.1283 -20961.1319 319.2445 -264.1999 
296000 -9645.9516 -21070.5953 324.3156 80.583 
296500 -9685.9349 -21025.5931 321.9031 59.7416 
297000 -9547.5738 -20829.8518 320.2742 -138.8444 
297500 -9608.2394 -20927.9359 321.3364 273.7442 
298000 -9569.1962 -20944.4881 322.9146 184.3094 
298500 -9616.4592 -21028.7549 323.9651 -350.1471 
299000 -9592.2112 -20913.6443 321.3857 82.4385 
299500 -9618.2582 -20946.4315 321.577 -677.2785 
300000 -9492.6499 -20999.5396 326.6503 -150.3992 
300500 -9601.9878 -20804.0012 317.9957 -187.9469 
301000 -9626.8474 -20920.8085 320.6058 -546.6552 
301500 -9484.7181 -20859.4815 322.8996 -200.5623 
302000 -9568.1294 -21043.4916 325.7553 -459.6459 
302500 -9695.6664 -21005.367 321.0526 572.9573 
303000 -9632.932 -21023.6083 323.3513 100.3125 
303500 -9800.4483 -21241.6792 324.7864 -528.965 
304000 -9711.2801 -21071.1443 322.4767 -140.1703 
304500 -9794.1045 -21187.2925 323.4226 -706.5857 
305000 -9610.7515 -20951.4077 321.9314 -90.5034 
305500 -9729.6503 -21057.8801 321.5786 322.9895 
306000 -9561.0307 -20960.542 323.6021 28.405 
306500 -9648.9537 -21039.8707 323.3582 -62.0369 
307000 -9773.1739 -21110.061 321.8244 364.8193 
307500 -9845.173 -21135.4798 320.5021 -312.4708 
308000 -9638.9542 -20923.742 320.3454 -979.4965 
308500 -9574.7704 -20970.7411 323.5016 372.4087 
309000 -9592.4791 -20946.3043 322.3052 -446.2994 
309500 -9659.2281 -21108.2993 325.009 378.3465 
310000 -9648.946 -20974.5889 321.5052 -77.7923 
310500 -9630.4283 -20960.9176 321.6428 -69.2032 
311000 -9858.7498 -21138.4001 320.1996 327.7834 
311500 -9794.7435 -21067.0829 319.9921 -759.0912 
312000 -9790.8391 -21126.29 321.7836 -223.7707 
312500 -9805.8596 -21033.0911 318.7116 80.7624 
313000 -9711.57 -21081.5777 322.7646 -610.9731 
313500 -9771.9244 -21007.8199 318.9575 -439.0522 
314000 -9729.5742 -21067.254 321.8469 -425.2932 
314500 -9812.2033 -21107.4943 320.6436 720.1655 
315000 -9690.2056 -21013.1943 321.4299 466.466 
315500 -9684.1615 -20989.334 320.9241 187.965 
316000 -9708.0602 -21057.4571 322.1795 417.3295 
316500 -9780.4594 -21023.1907 319.1516 -248.6483 
317000 -9780.1492 -21172.8527 323.4089 61.4564 
317500 -9818.9736 -21162.2751 322.0065 397.7323 
318000 -9790.0543 -21070.8 320.2307 -340.6999 
318500 -9777.3563 -21115.5995 321.8629 28.0361 
319000 -9792.3451 -21090.9308 320.7371 -465.7891 
319500 -9972.4237 -21107.0169 316.0818 -589.8102 
320000 -9898.2635 -21095.9232 317.8721 -55.2975 
320500 -9855.2594 -21075.532 318.514 625.6496 
321000 -9961.5093 -21222.9767 319.6834 331.1472 
321500 -9860.7015 -21110.0711 319.34 83.8311 
322000 -10046.1011 -21235.7983 317.6461 -622.9022 
322500 -9996.6984 -21185.642 317.6247 -188.1551 
323000 -9878.7407 -21144.0607 319.7928 -288.4823 
323500 -9825.014 -21003.0662 317.3155 -110.3782 
324000 -9756.6027 -21106.2873 322.1877 59.8402 
324500 -9795.2998 -21047.048 319.4075 -584.8413 
325000 -9689.8748 -21058.7869 322.7335 307.091 
325500 -9735.9979 -21064.7836 321.5944 -437.1845 
326000 -9807.4624 -21107.6448 320.7824 177.2051 
326500 -9825.4167 -21067.7764 319.141 -581.0084 
327000 -10018.6389 -21335.1579 321.2462 611.8259 
327500 -9841.1432 -21051.9231 318.2445 -285.5659 
328000 -9861.2632 -21120.4388 319.6184 301.9627 
328500 -10027.4278 -21179.2821 316.5718 -263.8675 
329000 -9977.673 -21185.6966 318.1663 671.5381 
329500 -9848.9025 -21046.7219 317.8766 -541.4272 
330000 -9891.9535 -21178.439 320.3936 -336.8771 
330500 -9760.25 -21019.3021 319.6149 49.0883 
331000 -9781.3886 -21150.9522 322.752 -631.4371 
331500 -9581.3679 -20952.6793 322.8016 -91.4188 
332000 -9705.4685 -21040.458 321.7705 188.7066 
332500 -9756.5661 -21108.2646 322.2449 -608.6631 
333000 -9956.7833 -21250.6515 320.6032 -538.8602 
333500 -9913.9972 -21264.749 322.218 -74.5788 
334000 -9784.082 -21106.1988 321.4051 -547.864 
334500 -9811.9527 -21177.1592 322.6283 -329.4499 
335000 -9657.501 -21146.9055 326.154 -128.8879 
335500 -9800.0101 -21129.6762 321.6194 -10.0557 
336000 -9704.6833 -21056.6912 322.2536 614.8237 
336500 -9716.0392 -21022.9792 320.9743 38.0561 
337000 -9870.9124 -21043.05 317.1476 -748.2645 
337500 -9740.7612 -21025.6028 320.347 -22.5944 
338000 -9662.2619 -21090.9584 324.4306 -238.1332 
338500 -9663.3089 -20998.231 321.7686 -460.365 
339000 -9684.5058 -21050.7811 322.6587 -474.865 
339500 -9767.0676 -21072.3308 320.9267 344.1608 
340000 -9626.8712 -21130.0464 326.5449 -503.2551 
340500 -9579.1605 -21052.7158 325.704 -41.4174 
341000 -9787.8218 -21085.1038 320.7001 -50.7109 
341500 -9966.4106 -21246.1755 320.2028 -34.8652 
342000 -10000.5757 -21219.8742 318.4864 80.0811 
342500 -9949.3761 -21174.0719 318.6396 -359.1709 
343000 -9793.1461 -21154.9419 322.5315 27.3782 
343500 -9949.7521 -21185.1291 318.9428 -167.6107 
344000 -10010.1276 -21223.5422 318.3193 540.7015 
344500 -9771.603 -21183.6127 323.9569 -378.8894 
345000 -9802.4593 -21071.275 319.892 716.0717 
345500 -9651.8177 -21003.3471 322.2401 -239.8386 
346000 -9546.6887 -21004.1532 325.2473 -297.3006 
346500 -9465.0758 -20891.0879 324.3544 73.8969 
347000 -9461.9914 -20946.805 326.0236 -813.0351 
347500 -9618.8438 -20910.9855 320.5542 -234.1307 
348000 -9597.7968 -20935.1246 321.8369 -246.7604 
348500 -9619.1749 -20948.566 321.6116 -530.5042 
349000 -9483.6814 -20837.8794 322.3158 386.6089 
349500 -9583.7315 -20987.9604 323.7361 -691.9841 
350000 -9632.4845 -21020.0851 323.264 -274.3465 
350500 -9762.2392 -21158.8906 323.521 150.2159 
351000 -9674.7966 -20998.5475 321.4515 223.3348 
351500 -9733.6874 -21020.0617 320.3905 199.1737 
352000 -9789.5203 -21164.6962 322.9113 -878.6391 
352500 -9927.775 -21147.8619 318.5087 424.6141 
353000 -9797.9598 -21097.5459 320.7655 90.7105 
353500 -9882.4405 -21207.3619 321.4847 -331.0862 
354000 -9924.9366 -21219.82 320.632 -350.5224 
354500 -9767.5966 -21082.7857 321.2085 306.8056 
355000 -9810.4246 -21226.7464 324.0793 -139.1143 
355500 -9757.384 -21009.579 319.4202 252.3139 
356000 -9911.0319 -21222.5431 321.104 -16.7456 
356500 -9871.5885 -21044.882 317.1804 -100.2563 
357000 -9669.3887 -21005.4812 321.8018 -11.3385 
357500 -9737.9709 -21087.5537 322.1848 517.002 
358000 -9653.1017 -20906.9495 319.4671 -115.9966 
358500 -9728.5709 -20913.7854 317.5188 -771.1336 
359000 -9649.0218 -21081.3324 324.5332 -810.5603 
359500 -9714.4104 -21004.392 320.4929 121.5023 
360000 -9667.6198 -21072.7987 323.763 -140.1192 
360500 -9630.326 -20894.0235 319.7467 -572.674 
361000 -9674.6849 -20993.8727 321.322 407.2546 
361500 -9421.1959 -20823.5575 323.683 -371.5686 
362000 -9451.9729 -20939.6485 326.1049 -350.984 
362500 -9511.3707 -20888.7448 322.9737 -341.6051 
363000 -9614.8016 -20973.1576 322.4338 -445.474 
363500 -9507.7101 -20878.5683 322.7887 -49.0562 
364000 -9412.0006 -20879.444 325.5305 -157.1612 
364500 -9572.6934 -20894.8199 321.4054 -223.0398 
365000 -9602.337 -21050.8065 324.9919 -109.2347 
365500 -9695.663 -21071.4769 322.9294 73.5678 
366000 -9821.2153 -21159.7204 321.8703 541.3263 
366500 -9781.8189 -21024.8365 319.1597 180.6439 
367000 -9855.7849 -21175.994 321.351 -48.9739 
367500 -9887.8732 -21252.5584 322.6135 -481.5257 
368000 -9859.8482 -21104.7402 319.2129 -113.9367 
368500 -9590.993 -20978.9417 323.2739 -346.8145 
369000 -9731.5313 -21070.0217 321.8699 49.2722 
369500 -9795.4507 -21128.1454 321.7054 -10.895 
370000 -9874.8107 -21258.7707 323.1607 -69.3064 
370500 -9993.5321 -21367.4139 322.8746 -186.4848 
371000 -9947.2627 -21264.0073 321.2526 159.2469 
371500 -9889.7056 -21197.561 321.0003 -11.1922 
372000 -9827.5608 -21152.2673 321.4786 192.0141 
372500 -9890.2576 -21197.4113 320.9803 397.3765 
373000 -9939.6777 -21146.8631 318.1425 128.4356 
373500 -9942.5649 -21095.3731 316.5989 -91.5991 
374000 -9973.9084 -21263.4525 320.4805 -687.6646 
374500 -9930.5642 -21191.764 319.6758 -98.1885 
375000 -9994.309 -21241.8137 319.2871 265.9786 
375500 -9954.2092 -21211.8645 319.5752 219.8433 
376000 -9858.4927 -21217.0012 322.4382 -0.735 
376500 -9796.9887 -21136.7267 321.9053 -266.36 
377000 -9674.4194 -21019.9372 322.0694 -9.9471 
377500 -9635.1344 -21065.6618 324.4826 -87.8768 
378000 -9599.2325 -21075.707 325.7869 159.652 
378500 -9637.6546 -21070.7447 324.5553 -683.4126 
379000 -9690.002 -20978.0892 320.4391 -72.762 
379500 -9771.7343 -21105.9876 321.7496 93.5618 
380000 -9883.2727 -21135.6494 319.4254 373.4795 
380500 -10065.2114 -21282.779 318.4372 -68.6222 
381000 -9883.2491 -21133.1629 319.3555 -366.7829 
381500 -9800.4339 -21052.2732 319.4101 123.4699 
382000 -9706.4827 -20976.9376 319.9386 4.73 
382500 -9702.9129 -20993.4193 320.5078 400.883 
383000 -9666.9792 -20978.899 321.1156 307.1332 
383500 -9783.6187 -20962.0289 317.3257 -24.3668 
384000 -9707.294 -21103.4816 323.5078 -308.0286 
384500 -9648.441 -21069.6387 324.2178 -358.6801 
385000 -9538.1858 -21086.7361 327.833 431.0037 
385500 -9529.3719 -20862.4695 321.7168 357.6658 
386000 -9636.0883 -21001.2372 322.6267 -22.3285 
386500 -9659.2259 -21032.5243 322.858 350.6113 
387000 -9599.2987 -20986.7427 323.2596 317.7751 
387500 -9519.317 -20951.6333 324.5334 556.4695 
388000 -9588.7192 -20946.7912 322.4258 662.3343 
388500 -9611.223 -21024.659 323.9974 82.3036 
389000 -9604.4041 -20913.3235 321.0305 -492.924 
389500 -9673.9913 -20939.006 319.7841 -398.9333 
390000 -9593.8519 -20959.1525 322.631 -249.8481 
390500 -9588.321 -20955.1896 322.6755 -139.1958 
391000 -9655.5341 -20917.744 319.7045 -275.4346 
391500 -9683.3427 -20980.0012 320.6824 -473.0538 
392000 -9726.5895 -21051.7602 321.4918 -51.6828 
392500 -9746.1552 -21011.7329 319.8001 -463.2134 
393000 -9904.9643 -21180.8617 320.0931 237.7462 
393500 -9906.2095 -21064.6729 316.7594 -525.3607 
394000 -9748.2999 -21153.6788 323.7687 82.6123 
394500 -9762.5153 -21223.918 325.3591 76.9187 
395000 -9831.0713 -21041.933 318.2469 77.8881 
395500 -9843.1882 -21053.3929 318.2282 -134.0069 
396000 -9885.3262 -21237.3383 322.2538 -303.0998 
396500 -9758.4558 -21057.6883 320.7555 44.8571 
397000 -9760.0052 -21065.869 320.9437 -52.1087 
397500 -9791.5716 -21086.319 320.6282 -70.47 
398000 -9942.3677 -21140.5048 317.8857 169.5714 
398500 -10065.4664 -21267.5652 317.9981 189.5775 
399000 -9921.8926 -21129.9352 318.1668 -403.4491 
399500 -9892.6052 -21072.7185 317.374 -649.3511 
400000 -9660.9901 -21035.4589 322.8912 -654.1778 
400500 -9666.7087 -21095.206 324.425 -477.4288 
401000 -9811.7887 -21118.8912 320.9789 -152.0846 
401500 -9764.8152 -21114.9082 322.1993 407.7896 
402000 -9875.1232 -21206.8932 321.6791 -204.816 
402500 -9718.2849 -21054.3176 321.8001 218.2673 
403000 -9575.342 -20988.2041 323.9811 -223.0085 
403500 -9542.9017 -20809.853 319.8391 -93.0474 
404000 -9579.0147 -20850.0876 319.9561 -217.0867 
404500 -9722.6487 -20947.3094 318.6386 -186.8854 
405000 -9717.4326 -21163.7594 324.9311 173.1348 
405500 -9652.4422 -21081.9251 324.4529 -629.9911 
406000 -9597.4273 -20975.9973 323.0077 324.5365 
406500 -9663.716 -21084.9021 324.2174 -575.782 
407000 -9623.6695 -21199.2415 328.6 9.7132 
407500 -9648.8092 -21027.4508 323.0097 113.7408 
408000 -9630.3476 -21012.2448 323.1021 -604.1657 
408500 -9499.1415 -21038.7216 327.5783 343.9764 
409000 -9563.455 -20988.2742 324.3206 356.937 
409500 -9558.6723 -21002.034 324.8469 142.6061 
410000 -9647.2316 -20884.062 318.9841 246.7483 
410500 -9664.7247 -20994.3246 321.6175 91.9563 
411000 -9644.3949 -20857.8546 318.3206 -244.5666 
411500 -9797.915 -21057.1956 319.6214 -551.7056 
412000 -9859.7858 -21127.2548 319.8538 -627.4631 
412500 -9824.7693 -20996.9231 317.1481 -550.9956 
413000 -9927.1686 -21238.3329 321.0942 -500.7982 
413500 -9819.9834 -21118.7024 320.7409 102.8059 
414000 -9724.0027 -20926.1922 318.0007 113.7817 
414500 -9722.397 -21009.5133 320.4115 -52.2572 
415000 -9813.6326 -21124.6396 321.0897 -95.7919 
415500 -9816.9943 -21233.1947 324.0759 -64.3525 
416000 -9980.9283 -21327.1642 322.0898 -382.181 
416500 -9964.8785 -21139.2976 317.2124 -821.5887 
417000 -9942.7337 -21206.0807 319.7368 -11.8562 
417500 -9796.9278 -21092.1327 320.6411 -136.1061 
418000 -10028.801 -21207.8618 317.3441 -108.9717 
418500 -9888.1639 -21165.5691 320.1359 -803.3677 
419000 -9831.7047 -21227.2967 323.4909 -153.6084 
419500 -9767.3629 -21056.5129 320.4693 -35.3065 
420000 -9603.9113 -21019.6686 324.0633 -168.984 
420500 -9597.5544 -20962.0006 322.6067 -76.8975 
421000 -9768.0236 -21091.9574 321.4567 -211.6427 
421500 -9807.5016 -21166.8831 322.463 41.9537 
422000 -9754.1221 -21045.1184 320.5217 116.0273 
422500 -9780.0686 -21039.367 319.6219 -97.2243 
423000 -9824.8188 -21147.9391 321.4336 -142.8151 
423500 -9779.1654 -21167.9712 323.2982 43.5986 
424000 -9709.0562 -21128.1492 324.158 310.5203 
424500 -9605.6923 -21079.7681 325.7188 14.0957 
425000 -9801.5599 -21161.7179 322.485 -77.133 
425500 -9680.4491 -21009.0465 321.5891 -413.3834 
426000 -9574.9943 -21014.569 324.7394 -116.677 
426500 -9623.758 -20980.1514 322.3781 -305.5108 
427000 -9718.8746 -21092.5816 322.8696 -112.4579 
427500 -9584.6922 -21121.5858 327.5021 -251.9419 
428000 -9581.413 -20980.7533 323.5973 -225.1316 
428500 -9652.0112 -20959.4117 320.9874 -227.2002 
429000 -9675.8828 -20994.1277 321.2952 -195.401 
429500 -9624.997 -20931.5559 320.9635 -832.7543 
430000 -9540.5494 -21025.0792 326.0156 -156.9792 
430500 -9681.7467 -21027.291 322.0702 -594.8055 
431000 -9808.7281 -21077.5797 319.893 -353.9112 
431500 -9781.8132 -21211.091 324.4471 -84.9173 
432000 -9841.0525 -21155.681 321.1925 771.5871 
432500 -9814.165 -21174.4147 322.4876 -15.5412 
433000 -9956.4079 -21151.6181 317.8026 -62.9987 
433500 -9923.6768 -21156.1624 318.8607 -729.7356 
434000 -9815.1879 -21126.4604 321.0973 -373.6529 
434500 -9839.0216 -21152.6767 321.1649 84.4161 
435000 -9799.9194 -21160.587 322.4995 323.4333 
435500 -9690.0979 -21075.1533 323.1918 423.4529 
436000 -9608.4323 -20943.5435 321.774 243.9374 
436500 -9664.5234 -21024.7966 322.4883 -218.9272 
437000 -9560.4543 -20926.175 322.6429 -224.2079 
437500 -9569.0791 -20916.5373 322.1245 202.9013 
438000 -9675.8114 -20960.0916 320.331 -321.3749 
438500 -9528.0686 -21060.9578 327.3884 -428.4217 
439000 -9577.7043 -21046.5433 325.5702 -2.3215 
439500 -9665.2201 -20959.0359 320.6017 -378.8915 
440000 -9574.918 -20971.5853 323.5214 208.7321 
440500 -9671.6343 -21122.9459 325.0726 -514.3259 
441000 -9555.9677 -21018.0835 325.3793 -180.899 
441500 -9539.7056 -21022.5918 325.9689 -81.1892 
442000 -9549.3146 -21111.6254 328.2236 5.759 
442500 -9514.8018 -20972.9305 325.2661 39.0126 
443000 -9794.8468 -21030.5183 318.9512 71.8643 
443500 -9783.0962 -20995.3153 318.2854 27.0972 
444000 -9912.1427 -21162.4274 319.366 46.9775 
444500 -9774.9147 -21094.0059 321.3192 -627.2916 
445000 -9909.4301 -21165.9956 319.5443 -98.2921 
445500 -9680.8754 -21136.1226 325.1843 -144.1014 
446000 -9573.0182 -20915.9974 321.9973 -91.3748 
446500 -9402.8702 -20814.4969 323.9461 -411.7187 
447000 -9538.536 -20932.1756 323.4355 526.8807 
447500 -9587.3338 -21016.4306 324.442 -38.442 
448000 -9662.5717 -21056.7591 323.451 -559.8362 
448500 -9727.4622 -21094.7814 322.6883 -158.8539 
449000 -9750.3031 -21086.8843 321.8157 -594.5261 
449500 -9855.0684 -21154.3485 320.7568 -257.7504 
450000 -9958.0361 -21241.94 320.3203 67.6328 
450500 -10075.5734 -21342.6572 319.8429 128.074 
451000 -10167.0354 -21283.049 315.5544 195.3694 
451500 -10083.1914 -21300.0844 318.4181 93.5208 
452000 -9963.701 -21268.0156 320.8997 -74.1596 
452500 -10008.1897 -21272.4137 319.7617 -201.1956 
453000 -9925.7654 -21164.062 319.0257 -410.3466 
453500 -9761.3879 -20981.6405 318.5135 -793.8038 
454000 -9703.8247 -20998.0686 320.6139 -47.0111 
454500 -9664.2416 -20988.4603 321.4648 170.8824 
455000 -9667.9489 -20952.2533 320.3317 -323.3456 
455500 -9656.8495 -21107.9574 325.0668 174.5991 
456000 -9688.4951 -21126.7083 324.7008 -750.786 
456500 -9746.1028 -21052.5224 320.9595 -54.0649 
457000 -9724.5458 -20968.7648 319.1938 -180.5796 
457500 -9769.0485 -21117.7284 322.1592 452.9931 
458000 -9612.9361 -20990.9351 322.9915 -401.0597 
458500 -9785.2569 -21011.1744 318.6743 -590.2627 
459000 -9698.0922 -21035.8117 321.848 -56.1489 
459500 -9750.0748 -21018.3334 319.8762 308.8908 
460000 -9786.4982 -21087.1191 320.7949 -191.6503 
460500 -9600.3164 -21085.2961 326.0284 -88.8707 
461000 -9625.4855 -20876.3203 319.3816 -379.9767 
461500 -9727.7387 -20985.3885 319.5751 128.3808 
462000 -9837.97 -21077.5645 319.0625 -149.4332 
462500 -9755.1066 -21014.3804 319.6212 -740.7479 
463000 -9696.7649 -21120.8929 324.3009 4.5833 
463500 -9666.5841 -21115.1647 324.9951 -233.3903 
464000 -9688.2698 -21041.5741 322.2904 705.029 
464500 -9562.1571 -20888.1542 321.5153 -355.2768 
465000 -9595.6818 -20980.4609 323.1839 61.0418 
465500 -9484.9982 -20927.1188 324.8117 627.9058 
466000 -9663.8521 -20936.4784 320.0002 229.4075 
466500 -9750.6708 -21077.3821 321.5355 185.0141 
467000 -9609.4956 -21079.1077 325.5921 178.1554 
467500 -9775.3332 -21108.3079 321.7133 -269.3445 
468000 -9910.9163 -21175.2279 319.7642 -252.8752 
468500 -9744.414 -21120.0294 322.9238 -904.7144 
469000 -9782.3307 -21109.216 321.5405 -617.4349 
469500 -9945.1657 -21260.1015 321.2013 14.7725 
470000 -10040.684 -21178.0817 316.1614 187.5738 
470500 -10002.3426 -21220.0408 318.4409 -294.8628 
471000 -9983.9359 -21148.8342 316.9421 -88.5062 
471500 -9923.4068 -21187.8272 319.7673 -310.2707 
472000 -9985.2395 -21193.7204 318.1793 -78.6157 
472500 -9749.892 -20945.5694 317.8158 -202.3767 
473000 -9753.7727 -21083.308 321.6157 427.6006 
473500 -9733.2263 -21138.1283 323.7552 -256.0125 
474000 -9891.474 -21097.5711 318.1116 166.2239 
474500 -9903.589 -21073.6977 317.09 -339.3203 
475000 -9936.9753 -21124.8509 317.5944 -151.5201 
475500 -9962.8054 -21228.6718 319.8083 -319.6659 
476000 -9777.5683 -21107.236 321.6195 235.5941 
476500 -9850.0363 -21335.5355 326.0431 -396.6903 
477000 -9853.7091 -21167.7817 321.1768 -294.8961 
477500 -9755.043 -20989.7255 318.9231 291.9952 
478000 -9713.2874 -21024.9409 321.1081 -215.7822 
478500 -9663.9749 -20959.7006 320.6559 -274.5724 
479000 -9652.2731 -20964.6272 321.128 111.3928 
479500 -9692.2317 -21009.8107 321.2763 -87.4549 
480000 -9818.7535 -21072.6676 319.469 -511.9935 
480500 -9774.0201 -21162.7765 323.2968 -281.7699 
481000 -9587.8977 -21073.529 326.0469 -555.4483 
481500 -9650.324 -21041.1069 323.3544 70.9726 
482000 -9692.2885 -20962.8924 319.9428 -166.6329 
482500 -9696.7019 -21087.421 323.3525 -197.2291 
483000 -9731.9345 -20994.9686 319.7279 -371.8335 
483500 -9712.161 -21088.1 322.933 -731.0722 
484000 -9598.1604 -20832.0049 318.8993 -62.2319 
484500 -9659.3989 -20952.6183 320.5848 -519.257 
485000 -9646.9375 -21007.633 322.5003 -524.7777 
485500 -9751.5247 -21200.8725 325.0169 -726.4212 
486000 -9806.2475 -21141.4232 321.7758 -560.508 
486500 -9840.2797 -21130.7464 320.5066 -14.0047 
487000 -9869.869 -21324.2115 325.1586 -926.229 
487500 -9862.1613 -21144.9678 320.2892 100.5451 
488000 -9712.4488 -21025.8174 321.1568 599.874 
488500 -9815.679 -21071.3787 319.5197 -648.3931 
489000 -9859.0597 -21174.5983 321.2184 13.5169 
489500 -9976.8289 -21170.1065 317.7477 -42.4303 
490000 -9748.5751 -21201.5074 325.1186 -593.0298 
490500 -9577.8529 -21059.7156 325.9399 92.5729 
491000 -9620.2962 -21150.0351 327.299 -488.4256 
491500 -9638.8485 -20998.4957 322.4705 -550.1912 
492000 -9673.2034 -20965.8147 320.5675 39.839 
492500 -9683.6846 -21048.7027 322.623 237.8361 
493000 -9671.2964 -21009.9194 321.8737 625.7569 
493500 -9722.222 -20925.8664 318.042 792.731 
494000 -9608.4798 -21001.4748 323.4172 16.5384 
494500 -9660.0844 -21046.9561 323.2433 885.7048 
495000 -9762.5783 -21131.0387 322.7207 362.654 
495500 -9791.1763 -21181.5559 323.3429 2.9425 
496000 -9825.2663 -21226.877 323.6617 -191.242 
496500 -9749.9123 -21085.0674 321.7752 -431.9178 
497000 -9602.5379 -20988.498 323.2175 712.7724 
497500 -9675.9233 -21112.3411 324.6498 150.2639 
498000 -9549.7904 -21013.1655 325.4151 -69.8959 
498500 -9498.558 -21072.2048 328.5454 -159.288 
499000 -9761.6755 -21143.2437 323.0928 302.0612 
499500 -9766.111 -21183.0621 324.0972 -639.117 
500000 -9815.6923 -21040.9226 318.6548 -212.8599 
