# step Etot Epot T p 
0 -27397.5712 -31150.7773 1457.3297 1388.8492 
500 -24424.7118 -27209.5195 1081.3109 -599.7237 
1000 -23152.402 -26294.4848 1220.037 54.6155 
1500 -22359.8414 -25849.8422 1355.1299 -164.2163 
2000 -21574.1589 -25260.4263 1431.3381 400.4875 
2500 -21157.401 -24957.0239 1475.3528 155.1264 
3000 -20887.6593 -24739.4221 1495.5981 211.8367 
3500 -20885.3393 -24569.7656 1430.6232 843.8267 
4000 -20738.925 -24402.676 1422.5952 -317.2643 
4500 -20517.7481 -24176.8388 1420.7856 71.0902 
5000 -20474.7824 -24252.5029 1466.8483 -269.5499 
5500 -20441.9261 -24208.5577 1462.5427 -100.9058 
6000 -20257.3402 -24171.2976 1519.7477 392.6788 
6500 -20172.8457 -23932.0794 1459.6701 299.2141 
7000 -20159.8908 -23955.9594 1473.9727 391.2842 
7500 -20264.496 -24208.7816 1531.5237 339.4132 
8000 -20303.2142 -23866.557 1383.6078 -824.7669 
8500 -20156.1318 -24106.0029 1533.6925 84.3414 
9000 -20083.2213 -23792.701 1440.3511 149.1587 
9500 -20061.1546 -23821.9232 1460.2661 -775.8314 
10000 -20000.1512 -24028.4038 1564.1273 -352.5605 
10500 -19999.8574 -23824.8774 1485.2142 217.682 
11000 -20086.7537 -23815.7743 1447.9387 -785.9938 
11500 -20008.3521 -23821.9673 1480.7858 143.1257 
12000 -19993.8045 -23679.6564 1431.1767 -68.1734 
12500 -19761.1693 -23635.4713 1504.3499 329.9054 
13000 -19890.1689 -23553.4658 1422.4189 -111.6726 
13500 -20002.7257 -23758.7811 1458.436 -524.1714 
14000 -19576.1877 -23439.1425 1499.9439 361.4167 
14500 -19572.4974 -23461.4553 1510.0406 842.5119 
15000 -19740.4979 -23599.8786 1498.5561 -212.9973 
15500 -19937.6052 -23767.5896 1487.1418 -366.4179 
16000 -19837.1607 -23748.6837 1518.8024 389.5018 
16500 -19704.782 -23548.0417 1492.2965 180.5815 
17000 -19595.11 -23392.6406 1474.5404 -332.5999 
17500 -19706.3195 -23552.4866 1493.4254 -202.7295 
18000 -19597.5476 -23342.5484 1454.1436 286.043 
18500 -19573.0837 -23590.0368 1559.7398 250.1874 
19000 -19661.314 -23499.5771 1490.3563 299.939 
19500 -19651.0221 -23651.5384 1553.3576 269.3599 
20000 -19583.8947 -23411.9004 1486.3735 185.2238 
20500 -19704.81 -23474.0793 1463.5668 -129.4187 
21000 -19422.9889 -23305.1686 1507.4087 -419.8943 
21500 -19250.1908 -23238.9475 1548.7914 279.9733 
22000 -19752.5362 -23535.3089 1468.8101 546.9854 
22500 -19593.1021 -23580.9171 1548.4258 -146.3532 
23000 -19352.7109 -23434.7551 1585.0139 440.0721 
23500 -19605.9329 -23548.7821 1530.966 154.9546 
24000 -19882.5177 -23749.9811 1501.6946 99.5711 
24500 -19499.6074 -23434.6071 1527.9181 341.3709 
25000 -19527.7991 -23329.6683 1476.225 -819.0576 
25500 -19643.1873 -23572.9287 1525.8764 19.6769 
26000 -19471.0798 -23308.0468 1489.8531 135.7709 
26500 -19613.7613 -23601.4664 1548.3831 71.4384 
27000 -19897.3924 -23776.2726 1506.1275 -278.3677 
27500 -19776.0143 -23633.8013 1497.9373 -469.295 
28000 -19790.452 -23617.3391 1485.9392 114.2781 
28500 -19449.2126 -23441.4252 1550.1333 -425.9593 
29000 -19679.6489 -23431.8406 1456.9358 638.7486 
29500 -19560.8603 -23480.426 1521.9253 -663.2361 
30000 -19525.7939 -23451.8368 1524.4403 -28.1639 
30500 -19604.0545 -23385.4809 1468.2873 381.6649 
31000 -19572.5379 -23493.0015 1522.2739 -405.3022 
31500 -19423.667 -23293.4091 1502.5793 120.1032 
32000 -19414.628 -23293.3787 1506.0773 69.6215 
32500 -19380.0161 -23490.9152 1596.218 190.6081 
33000 -19482.07 -23377.8438 1512.6872 210.4657 
33500 -19604.5321 -23525.117 1522.321 310.7393 
34000 -19626.438 -23356.3847 1448.2983 737.0048 
34500 -19798.1015 -23709.1165 1518.6052 214.4836 
35000 -19758.9609 -23566.2105 1478.3141 41.5481 
35500 -19537.7259 -23443.6942 1516.6456 251.9048 
36000 -19436.4195 -23058.3971 1406.375 -259.6422 
36500 -19710.2722 -23423.3982 1441.767 5.2918 
37000 -19650.989 -23477.398 1485.7535 346.6422 
37500 -19505.41 -23450.9687 1532.0181 -133.8525 
38000 -19615.5527 -23302.9762 1431.787 -471.2721 
38500 -19738.8251 -23574.5637 1489.3761 124.5128 
39000 -19645.0226 -23453.5303 1478.8026 20.1722 
39500 -19662.7456 -23572.7849 1518.2263 -951.0813 
40000 -19756.7868 -23618.9194 1499.6246 93.8178 
40500 -20010.7826 -23928.0795 1521.0444 -91.2325 
41000 -19830.5236 -23744.8304 1519.8833 56.314 
41500 -19816.8713 -23647.2352 1487.2892 571.3001 
42000 -19808.6918 -23724.5834 1520.4987 73.116 
42500 -19933.752 -23669.9624 1450.7304 -571.0757 
43000 -19837.9759 -23679.5622 1491.6467 339.6717 
43500 -19614.2379 -23479.4326 1500.8136 727.3424 
44000 -19600.296 -23460.2572 1498.7815 -143.3335 
44500 -19561.6265 -23476.7193 1520.1885 403.5229 
45000 -19807.8473 -23648.1803 1491.1601 -243.8443 
45500 -19721.3416 -23540.0634 1482.7687 -472.6396 
46000 -19417.4123 -23279.138 1499.4666 -194.8909 
46500 -19579.093 -23523.1667 1531.4415 330.7369 
47000 -19596.6901 -23508.2361 1518.8114 -256.534 
47500 -19521.8324 -23484.2744 1538.5737 173.4834 
48000 -19544.1344 -23506.7571 1538.6438 421.4778 
48500 -19810.6361 -23520.9189 1440.663 285.684 
49000 -19587.9225 -23434.7721 1493.6904 397.535 
49500 -19742.624 -23528.0735 1469.8494 464.7439 
50000 -19815.6554 -23542.869 1447.237 -128.9341 
50500 -19757.4428 -23709.4275 1534.5132 8.6048 
51000 -19423.7516 -23317.6832 1511.9719 16.9157 
51500 -19518.7559 -23390.936 1503.526 -86.9504 
52000 -19376.7266 -23210.1891 1488.4923 -92.0436 
52500 -19443.7149 -23154.4479 1440.8378 338.5921 
53000 -19406.2504 -23188.1987 1468.4899 -584.2091 
53500 -19608.5035 -23478.0166 1502.4904 -79.0464 
54000 -19798.2287 -23717.9627 1521.9906 126.5466 
54500 -19806.349 -23683.7503 1505.5533 -632.3116 
55000 -19534.7008 -23441.6632 1517.0316 320.4954 
55500 -19514.5374 -23413.4236 1513.8957 53.4786 
56000 -19665.9503 -23491.4164 1485.3874 449.4053 
56500 -19556.763 -23361.1327 1477.1959 -746.9641 
57000 -19805.5958 -23633.3524 1486.2768 59.9719 
57500 -19732.2024 -23485.4244 1457.3358 18.898 
58000 -19955.1899 -23551.486 1396.4032 338.9401 
58500 -19796.2036 -23436.1223 1413.3414 243.4672 
59000 -19776.2493 -23663.2409 1509.2771 958.7345 
59500 -20098.6015 -23737.757 1413.045 -166.4852 
60000 -19777.8281 -23558.0994 1467.8388 -240.8254 
60500 -19630.7854 -23554.1949 1523.4178 334.7174 
61000 -19456.8177 -23396.7034 1529.8153 -1106.0455 
61500 -19622.0055 -23492.577 1502.9014 624.5704 
62000 -19737.0257 -23556.8089 1483.1808 136.3297 
62500 -19891.311 -23532.7121 1413.917 -566.2097 
63000 -19891.3077 -23493.7784 1398.8007 -36.3373 
63500 -19743.4033 -23599.2225 1497.1732 -52.6131 
64000 -19654.5855 -23430.8835 1466.296 -621.9915 
64500 -19542.7742 -23372.2262 1486.9351 -338.2732 
65000 -19584.3528 -23462.188 1505.7218 55.1571 
65500 -19761.1735 -23668.3531 1517.1159 180.31 
66000 -19958.2368 -23710.3776 1456.916 86.2492 
66500 -19898.4684 -23704.7145 1477.9245 273.5061 
67000 -19605.5766 -23504.6254 1513.9588 77.6004 
67500 -19722.9879 -23526.6661 1476.9274 -278.1318 
68000 -19782.5061 -23582.5914 1475.5323 146.3273 
68500 -19790.9942 -23832.619 1569.3195 83.9439 
69000 -19940.5354 -23683.1238 1453.2069 -449.5962 
69500 -19722.6634 -23564.4163 1491.7114 -197.156 
70000 -19844.7741 -23782.1718 1528.8492 119.2084 
70500 -19749.3674 -23626.6723 1505.5159 583.6677 
71000 -19865.3588 -23678.5566 1480.6238 -433.1283 
71500 -19811.4612 -23486.6643 1427.0419 738.1608 
72000 -19810.564 -23666.9159 1497.3801 -466.633 
72500 -19696.8043 -23498.8417 1476.2903 -380.6871 
73000 -19832.3252 -23720.8069 1509.8557 134.108 
73500 -19675.6835 -23456.2257 1467.9439 -348.2128 
74000 -19739.2992 -23646.5874 1517.1581 82.367 
74500 -19792.3042 -23521.391 1447.9644 -686.9024 
75000 -19382.9857 -23431.071 1571.8281 767.9926 
75500 -19450.8286 -23380.1852 1525.727 -399.5618 
76000 -19641.6154 -23566.853 1524.1276 -694.9442 
76500 -19999.9651 -23909.2345 1517.9274 341.4938 
77000 -19761.0639 -23701.8725 1530.1737 -436.3322 
77500 -19736.71 -23619.0978 1507.4895 279.6193 
78000 -19467.0615 -23462.113 1551.2356 -331.7511 
78500 -19323.5314 -23097.5378 1465.4062 62.3213 
79000 -19290.2302 -23278.1342 1548.4603 -144.2714 
79500 -19097.2241 -23137.8072 1568.9151 60.0481 
80000 -19132.0905 -23061.3596 1525.693 4.4098 
80500 -19388.0163 -23217.5156 1486.9535 -150.5726 
81000 -19416.1815 -23372.3711 1536.146 313.2548 
81500 -19512.3666 -23496.3136 1546.9238 -416.5996 
82000 -19726.693 -23610.5705 1508.0679 171.6273 
82500 -19814.2129 -23764.6757 1533.9223 -21.3271 
83000 -19683.0441 -23541.3161 1498.1256 -448.3131 
83500 -19901.5892 -23653.0775 1456.6626 642.9509 
84000 -19679.2126 -23559.3481 1506.615 1072.3759 
84500 -19408.5503 -23426.656 1560.1873 5.5383 
85000 -19667.8245 -23314.1321 1415.8221 -907.6095 
85500 -19628.1121 -23340.0378 1441.3009 247.1663 
86000 -19638.5999 -23347.0798 1439.9629 172.4643 
86500 -19752.5252 -23530.8322 1467.076 40.574 
87000 -19500.2416 -23408.7723 1517.6405 -32.4877 
87500 -20055.6715 -23705.3352 1417.1253 293.1249 
88000 -19894.82 -23622.1023 1447.2637 -768.9125 
88500 -19659.0568 -23394.8671 1450.575 507.0977 
89000 -19730.7639 -23554.3366 1484.6522 181.4267 
89500 -19836.5444 -23582.1409 1454.3749 666.8011 
90000 -19715.9513 -23333.5836 1404.6878 239.5046 
90500 -19698.6477 -23529.8465 1487.6134 422.8981 
91000 -19569.0816 -23502.9344 1527.4728 596.5125 
91500 -19292.0959 -23216.2218 1523.6959 -209.3496 
92000 -19675.6184 -23404.6577 1447.9459 -289.9214 
92500 -19796.1836 -23594.3357 1474.7817 -757.0388 
93000 -19540.4319 -23335.107 1473.4316 600.0923 
93500 -19415.065 -23231.1646 1481.7505 246.0447 
94000 -19454.0516 -23328.4833 1504.4003 -503.8351 
94500 -18967.067 -23038.6702 1580.9598 -194.6338 
95000 -19154.099 -23118.5714 1539.3621 -59.3033 
95500 -19244.949 -23189.1462 1531.4894 666.7953 
96000 -19404.9026 -23226.6829 1483.9563 -163.2803 
96500 -19694.3179 -23531.252 1489.8403 161.8192 
97000 -19742.087 -23593.4365 1495.4377 -16.7002 
97500 -19570.2205 -23402.7198 1488.1184 -285.0247 
98000 -19572.3856 -23360.8761 1471.0302 -130.8044 
98500 -19604.9895 -23321.6055 1443.1221 293.2017 
99000 -19617.4099 -23348.5351 1448.7559 -224.9006 
99500 -19388.7877 -23460.5087 1581.0056 -280.1128 
100000 -19694.0619 -23582.2824 1509.7543 159.9478 
100500 -19703.5307 -23635.2145 1526.6306 231.3709 
101000 -19701.3337 -23580.5428 1506.2553 -131.7223 
101500 -19378.2069 -23115.1817 1451.0272 -198.7708 
102000 -19382.7502 -23276.6717 1511.9679 188.167 
102500 -19563.2307 -23268.4477 1438.696 -213.4105 
103000 -19307.3503 -23260.2131 1534.8542 -407.8169 
103500 -19436.8149 -23282.7543 1493.337 -18.7881 
104000 -19450.9082 -23346.8869 1512.7667 77.7252 
104500 -19375.0548 -23219.588 1492.791 81.6458 
105000 -19481.7217 -23326.3626 1492.8328 -503.8967 
105500 -19459.9485 -23434.236 1543.1732 -40.0213 
106000 -19671.8471 -23327.4881 1419.4462 -1142.2941 
106500 -19393.5095 -23423.176 1564.6762 382.7164 
107000 -19503.9406 -23443.0034 1529.4958 256.113 
107500 -19931.7753 -23812.1517 1506.7085 -708.5511 
108000 -19746.5517 -23549.4566 1476.6272 361.9805 
108500 -19636.4224 -23578.8597 1530.8061 399.5133 
109000 -19423.8368 -23273.8589 1494.9223 40.8068 
109500 -19046.2364 -22997.2871 1534.1506 -377.0621 
110000 -18987.9243 -22939.615 1534.3991 -236.7731 
110500 -19035.6438 -22851.58 1481.6871 -33.1136 
111000 -19425.2702 -23304.8378 1506.3945 -114.7439 
111500 -19332.4294 -23185.7662 1496.2093 -23.1007 
112000 -19455.9942 -23282.727 1485.8793 285.178 
112500 -19378.8779 -23077.3722 1436.0857 239.8214 
113000 -19196.9638 -23211.896 1558.9551 -174.9174 
113500 -19284.6183 -23170.1541 1508.7118 -559.2248 
114000 -19156.9761 -23082.1172 1524.0902 -298.2438 
114500 -19052.9164 -23047.1297 1550.9101 109.1307 
115000 -19198.6505 -23245.0553 1571.1756 -282.7952 
115500 -19360.4829 -23356.2278 1551.5049 -166.3322 
116000 -19476.3074 -23340.931 1500.5919 163.2085 
116500 -19478.3069 -23343.1452 1500.6752 447.9214 
117000 -19492.2746 -23341.3592 1494.5583 -458.2639 
117500 -19569.4701 -23574.6881 1555.1832 288.2451 
118000 -19588.2372 -23377.2929 1471.2497 -1035.0281 
118500 -19552.2387 -23716.9833 1617.1256 417.1851 
119000 -19418.0404 -23212.8408 1473.4803 -763.3003 
119500 -19416.5125 -23284.8508 1502.0343 456.2481 
120000 -19389.7849 -23285.6666 1512.729 -288.9704 
120500 -19716.2207 -23644.9893 1525.4987 69.088 
121000 -19877.139 -23580.0044 1437.7829 767.1535 
121500 -20018.7323 -23667.5363 1416.7914 72.7733 
122000 -19881.9103 -23625.9573 1453.7733 322.8608 
122500 -19716.0949 -23457.1727 1452.6204 -85.2429 
123000 -19825.7692 -23599.5402 1465.3148 -388.4398 
123500 -19783.1551 -23585.5544 1476.4308 10.021 
124000 -19741.5748 -23519.4996 1466.9277 -200.6394 
124500 -19829.7832 -23564.6436 1450.2062 -13.8331 
125000 -19697.6324 -23446.2162 1455.5349 102.4837 
125500 -19512.1363 -23318.9217 1478.1339 -51.1144 
126000 -19529.5736 -23531.626 1553.954 237.7503 
126500 -19475.7503 -23480.1914 1554.8815 96.2793 
127000 -19459.49 -23329.6386 1502.7372 -157.8671 
127500 -19661.2588 -23573.9984 1519.2748 995.1048 
128000 -19605.657 -23449.8625 1492.6638 -497.6517 
128500 -19611.4506 -23535.9952 1523.8585 325.5054 
129000 -19717.2658 -23497.5734 1467.8529 692.3781 
129500 -19476.4937 -23335.4476 1498.3904 152.251 
130000 -19783.2989 -23447.2423 1422.6699 322.5724 
130500 -19689.6258 -23525.3276 1489.3619 836.249 
131000 -19932.4422 -23677.9777 1454.3512 -107.5898 
131500 -19714.8148 -23695.56 1545.6806 679.1344 
132000 -19499.8415 -23380.3201 1506.7482 293.6912 
132500 -19903.6992 -23486.0374 1390.9835 -508.9868 
133000 -19993.6258 -23785.6082 1472.3861 45.5085 
133500 -19874.3575 -23662.2166 1470.785 311.9669 
134000 -19889.861 -23606.6698 1443.197 117.3838 
134500 -19262.0376 -23397.397 1605.7157 -580.6178 
135000 -19470.8068 -23376.6165 1516.584 -384.8188 
135500 -19569.6866 -23566.9322 1552.0876 52.679 
136000 -19648.1174 -23467.1931 1482.9061 176.762 
136500 -19553.1506 -23328.5638 1465.9524 -516.5118 
137000 -19606.4829 -23334.795 1447.6635 274.0967 
137500 -19550.2254 -23592.0952 1569.4147 -15.2678 
138000 -19493.9075 -23386.2756 1511.3647 5.1145 
138500 -19687.5905 -23535.9626 1494.2816 47.4852 
139000 -19453.2835 -23252.0106 1475.005 103.5567 
139500 -19471.1705 -23297.9022 1485.8789 439.7602 
140000 -19424.6046 -23337.4541 1519.3175 -87.6351 
140500 -19492.5251 -23247.2921 1457.9357 -324.0176 
141000 -19695.1168 -23458.8816 1461.4295 44.2213 
141500 -19474.7893 -23358.3299 1507.9371 195.049 
142000 -19466.401 -23278.7388 1480.2899 -678.6012 
142500 -19616.0718 -23215.4632 1397.605 232.5358 
143000 -19255.829 -23152.3575 1512.9802 260.9689 
143500 -19123.9317 -23000.6914 1505.3042 -589.393 
144000 -19024.0434 -22908.44 1508.2695 -487.5164 
144500 -19318.3811 -23324.9594 1555.7114 346.0643 
145000 -19603.2497 -23415.1386 1480.1156 -298.082 
145500 -19341.1476 -23263.4561 1522.9903 -141.3481 
146000 -19194.7601 -23257.1348 1577.3765 274.0198 
146500 -19141.5082 -23206.5181 1578.3997 154.0472 
147000 -19129.4495 -23244.3506 1597.7719 -90.5872 
147500 -19283.5031 -23292.646 1556.7072 -40.8732 
148000 -19410.1907 -23331.7258 1522.69 -102.3318 
148500 -19626.9286 -23487.0002 1498.8244 -83.4965 
149000 -19738.305 -23621.7833 1507.9129 149.1193 
149500 -19660.8311 -23615.975 1535.7399 -436.0821 
150000 -19455.5155 -23170.6309 1442.5394 -912.9419 
150500 -19495.0809 -23360.5918 1500.9364 403.1104 
151000 -19694.9768 -23513.6228 1482.7392 106.5562 
151500 -19818.2029 -23502.9211 1430.7366 -285.6859 
152000 -19546.7335 -23541.6005 1551.164 -261.0859 
152500 -19624.3361 -23423.7348 1475.2657 152.4619 
153000 -19551.6829 -23531.5661 1545.346 173.7197 
153500 -19659.7284 -23645.6053 1547.6732 412.5171 
154000 -19730.2899 -23585.7276 1497.0251 133.6551 
154500 -19694.7149 -23480.7624 1470.0816 -538.522 
155000 -19620.3345 -23539.5188 1521.7772 96.2193 
155500 -19423.9052 -23266.6694 1492.1041 -163.6161 
156000 -19289.8507 -23284.3625 1551.026 666.8034 
156500 -19638.2821 -23465.9319 1486.2353 -430.9856 
157000 -19639.692 -23527.4521 1509.5755 458.6563 
157500 -19770.9798 -23572.1675 1475.9604 -140.695 
158000 -19797.6598 -23659.7259 1499.5988 43.2632 
158500 -19900.0822 -23553.7442 1418.6777 -795.8748 
159000 -19679.6594 -23570.9044 1510.9287 50.7719 
159500 -19643.9309 -23414.6344 1464.1237 -105.7925 
160000 -19260.5753 -23449.7051 1626.5941 -112.4371 
160500 -19618.0752 -23188.5587 1386.3804 -554.6071 
161000 -19257.9459 -23034.708 1466.4762 -711.7942 
161500 -19331.7196 -23205.2006 1504.0311 -141.9907 
162000 -19406.8219 -23272.5544 1501.0224 -341.6277 
162500 -19639.6689 -23401.009 1460.488 577.7486 
163000 -19479.1271 -23348.6278 1502.4856 -425.4902 
163500 -19581.0701 -23408.9699 1486.3324 73.2762 
164000 -19750.7855 -23520.3906 1463.6972 -219.2671 
164500 -19802.4054 -23434.5176 1410.3102 535.8981 
165000 -19912.2409 -23766.9902 1496.7578 1.7215 
165500 -19453.4904 -23461.9589 1556.4453 -27.5955 
166000 -19899.6369 -23717.0058 1482.2434 101.2275 
166500 -19933.5322 -23887.8487 1535.4186 494.2192 
167000 -19990.1664 -23820.5475 1487.2959 960.4887 
167500 -20049.4068 -23679.0061 1409.3344 4.2369 
168000 -19756.9419 -23483.7358 1447.074 150.4233 
168500 -19931.7312 -23665.5622 1449.8065 -195.9601 
169000 -19875.2517 -23701.394 1485.65 58.7017 
169500 -19557.2178 -23623.8267 1579.0206 -433.4445 
170000 -19403.6314 -23422.7059 1560.5635 -131.7554 
170500 -19631.9785 -23497.2387 1500.839 181.1958 
171000 -19571.4324 -23408.0273 1489.7086 308.1466 
171500 -19468.7889 -23221.2974 1457.0588 494.4979 
172000 -19310.2409 -23226.8507 1520.7776 -237.2392 
172500 -19669.0521 -23340.4423 1425.5614 -514.4217 
173000 -19685.314 -23579.9429 1512.2426 -551.3359 
173500 -19827.2312 -23582.0255 1457.9463 433.6563 
174000 -19466.4231 -23366.3638 1514.3051 109.7565 
174500 -19392.9471 -23305.3168 1519.1312 -93.6289 
175000 -19533.7531 -23438.4611 1516.1562 -1.4178 
175500 -19223.3754 -23068.0507 1492.8461 -372.896 
176000 -19313.3016 -23178.423 1500.7852 -219.8566 
176500 -19123.7943 -23085.17 1538.1597 -47.0862 
177000 -19400.2088 -23292.7825 1511.4446 -9.0455 
177500 -19193.9328 -23128.9468 1527.9237 187.9215 
178000 -19068.4649 -23056.4191 1548.4798 -447.2809 
178500 -19362.6773 -23178.7404 1481.7364 -61.5812 
179000 -19617.6703 -23463.704 1493.3736 -210.9403 
179500 -19494.2334 -23488.2471 1550.8326 797.0107 
180000 -19734.1745 -23474.4035 1452.2908 -55.5875 
180500 -19423.7854 -23203.516 1467.6288 554.8428 
181000 -19381.0021 -23353.8971 1542.6325 -472.3464 
181500 -19252.8891 -23250.955 1552.4061 661.6538 
182000 -19318.0667 -23070.0258 1456.8455 -462.0467 
182500 -19144.8644 -23145.9277 1553.5699 382.6817 
183000 -19382.0651 -23439.3857 1575.4141 -452.037 
183500 -19414.6005 -23175.4065 1460.2806 -422.0896 
184000 -19575.626 -23255.273 1428.7675 -661.1678 
184500 -20015.2554 -23826.6067 1479.9068 48.9813 
185000 -19808.6623 -23653.7875 1493.0208 4.8355 
185500 -19741.431 -23332.2954 1394.2941 501.0358 
186000 -19524.8351 -23276.8648 1456.8729 593.6058 
186500 -19582.4768 -23412.2131 1487.0455 129.2109 
187000 -19318.3541 -23309.0658 1549.5505 -167.646 
187500 -19439.6036 -23211.7429 1464.6812 400.2096 
188000 -19618.0924 -23410.8428 1472.6843 -707.9677 
188500 -19723.8976 -23520.8063 1474.2989 -123.6751 
189000 -19587.9708 -23535.4303 1532.7562 222.5737 
189500 -19389.3929 -23307.2439 1521.2595 476.2385 
190000 -19543.5726 -23257.2392 1441.9769 684.596 
190500 -19630.4922 -23502.2519 1503.3628 201.1725 
191000 -19682.4556 -23455.4501 1465.0133 -206.3505 
191500 -19363.5841 -23310.9315 1532.7127 557.2551 
192000 -19307.2423 -23204.4693 1513.2514 -91.9847 
192500 -19148.695 -23153.9388 1555.1932 619.0829 
193000 -19260.2501 -23107.1079 1493.6936 94.9517 
193500 -19371.7353 -23227.0455 1496.9756 -90.7984 
194000 -19354.6919 -23341.3651 1547.9824 -377.8928 
194500 -19199.8684 -23168.0783 1540.8133 630.8455 
195000 -19258.3125 -23214.1631 1536.0143 -328.2829 
195500 -19624.9622 -23472.2049 1493.8431 -241.403 
196000 -19535.6705 -23311.4405 1466.091 534.3266 
196500 -19456.4678 -23254.3201 1474.6653 -498.1948 
197000 -19417.7533 -23315.6376 1513.5066 -2.2499 
197500 -19408.5617 -23262.79 1496.5555 195.9557 
198000 -19520.7575 -23256.0786 1450.3851 -444.6587 
198500 -19436.3315 -23375.401 1529.4984 -37.9025 
199000 -19260.8747 -23091.6487 1487.4484 181.7126 
199500 -19275.8595 -23195.806 1522.0732 -405.9288 
200000 -19129.8884 -23075.4188 1532.0071 -306.0584 
200500 -19106.2502 -23162.583 1575.0305 322.5831 
201000 -19006.2266 -23082.8462 1582.9076 -17.5191 
201500 -19356.4676 -23218.5794 1499.6166 330.8881 
202000 -19341.5927 -23215.1697 1504.0684 -195.3469 
202500 -19414.967 -23308.4804 1511.8095 317.2016 
203000 -19666.8172 -23490.7813 1484.8042 -440.7235 
203500 -19731.2744 -23550.1221 1482.8176 -513.997 
204000 -19721.6929 -23506.957 1469.7774 129.261 
204500 -19901.3269 -23721.7083 1483.4131 276.4162 
205000 -19628.7787 -23443.8927 1481.3678 -12.4677 
205500 -19601.794 -23363.0961 1460.4732 -150.9465 
206000 -19360.5342 -23285.5907 1524.0573 613.927 
206500 -19433.7595 -23413.3276 1545.2236 -144.0157 
207000 -19653.6834 -23427.8657 1465.4745 -90.2897 
207500 -19498.3224 -23301.6223 1476.7805 -322.1816 
208000 -19730.5821 -23449.4706 1444.0045 -263.2559 
208500 -19363.12 -23138.2444 1465.8403 214.4563 
209000 -19382.1675 -23244.5638 1499.727 -59.2644 
209500 -19401.0807 -23216.3923 1481.4446 -336.6204 
210000 -19588.4362 -23475.1322 1509.1624 3.688 
210500 -19285.8765 -23121.4092 1489.2962 5.2307 
211000 -19110.0271 -23071.5584 1538.2201 179.6339 
211500 -19435.8918 -23213.5233 1466.8138 869.295 
212000 -19343.5755 -23147.1997 1476.9064 -499.0176 
212500 -19475.3036 -23374.8393 1514.1478 1090.342 
213000 -19567.5504 -23181.8475 1403.3928 -610.1603 
213500 -19365.4662 -23313.2567 1532.8847 -416.4454 
214000 -19306.3528 -23146.238 1490.9862 241.726 
214500 -18867.6893 -22945.0865 1583.2096 -286.3474 
215000 -18942.2137 -23133.1667 1627.302 -430.0498 
215500 -19081.4495 -23071.6589 1549.3555 21.9228 
216000 -19271.472 -23248.1068 1544.0846 -271.2602 
216500 -19587.8098 -23406.7231 1482.8431 782.8745 
217000 -19736.0392 -23410.2947 1426.674 373.5033 
217500 -19796.9012 -23677.302 1506.718 -690.1283 
218000 -19904.9655 -23696.0532 1472.0387 791.7994 
218500 -19882.3413 -23560.0681 1428.0219 -655.6049 
219000 -19499.7977 -23315.1692 1481.4678 451.6373 
219500 -19307.4801 -23263.4579 1536.0637 233.9929 
220000 -19309.5452 -23113.3496 1476.9765 -295.0727 
220500 -19422.8594 -23401.7093 1544.9447 -339.6775 
221000 -19373.5958 -23361.1781 1548.3354 -59.0832 
221500 -19446.2734 -23283.8508 1490.0901 -206.6427 
222000 -19576.8717 -23463.0853 1508.975 198.6644 
222500 -19378.5911 -23218.0596 1490.8244 154.1615 
223000 -19211.6209 -23119.3187 1517.3171 -265.5587 
223500 -19528.543 -23388.6304 1498.8305 195.7216 
224000 -19247.2163 -23001.0485 1457.5728 -325.9917 
224500 -19614.032 -23410.2289 1474.0225 596.649 
225000 -19754.3402 -23493.5809 1451.907 -737.9076 
225500 -19860.9408 -23563.9141 1437.8248 -40.8189 
226000 -19713.0352 -23725.4655 1557.9836 484.6013 
226500 -19421.9197 -23510.3787 1587.5048 332.5761 
227000 -19565.5449 -23343.1011 1466.7845 -425.2791 
227500 -19464.2537 -23355.8014 1511.0462 450.1325 
228000 -19402.4415 -23301.8264 1514.0893 -86.7749 
228500 -19486.4997 -23546.0749 1576.2895 574.4743 
229000 -19680.1657 -23589.1426 1517.8138 465.9716 
229500 -19674.2838 -23625.5401 1534.2304 26.7542 
230000 -19678.5608 -23563.4782 1508.4718 -391.7871 
230500 -19485.5132 -23572.7555 1587.0323 619.412 
231000 -19599.457 -23497.1236 1513.4221 -425.9787 
231500 -19622.1401 -23640.9668 1560.4672 1188.3196 
232000 -19710.6999 -23454.0258 1453.4933 408.4523 
232500 -19537.8752 -23422.062 1508.1881 -197.4235 
233000 -19530.4863 -23413.5951 1507.7695 -163.4809 
233500 -19761.8579 -23530.2242 1463.2162 -766.2595 
234000 -19687.2705 -23681.4138 1550.883 202.4196 
234500 -19405.5896 -23390.2163 1547.1878 16.3316 
235000 -19477.7132 -23172.1829 1434.5229 -442.8351 
235500 -19379.0958 -23074.3754 1434.8374 -171.1101 
236000 -19288.205 -23154.9218 1501.4046 489.4511 
236500 -19558.6967 -23303.9987 1454.2606 267.4874 
237000 -19710.6061 -23471.6739 1460.3822 140.7707 
237500 -19561.703 -23479.9723 1521.4219 5.7088 
238000 -19339.4844 -23375.52 1567.1493 1271.3711 
238500 -19224.7058 -23078.4304 1496.3599 173.6036 
239000 -19221.3323 -23214.3543 1550.4476 126.3162 
239500 -19312.2749 -23188.0804 1504.9337 -260.3835 
240000 -19408.6278 -23124.9586 1443.0114 -253.8199 
240500 -19491.3159 -23345.8481 1496.6735 -876.2653 
241000 -19895.9762 -23671.045 1465.8187 103.811 
241500 -19712.265 -23422.8416 1440.7771 -312.5757 
242000 -19303.2491 -23203.9048 1514.5827 578.4515 
242500 -19536.9174 -23372.2383 1489.2139 -209.4956 
243000 -19526.4914 -23457.8912 1526.5203 671.6497 
243500 -19646.7872 -23480.6466 1488.6465 -150.1141 
244000 -19652.1577 -23561.6432 1518.0113 128.3232 
244500 -19931.6881 -23677.3076 1454.3838 125.2903 
245000 -20046.596 -23770.4177 1445.92 -883.2083 
245500 -19800.9411 -23803.4937 1554.1482 361.5439 
246000 -19698.1981 -23443.1817 1454.137 265.1625 
246500 -19614.7882 -23223.714 1401.3072 -363.7563 
247000 -19525.7301 -23467.1143 1530.3972 121.226 
247500 -19103.4049 -23078.8642 1543.6282 -124.8667 
248000 -19328.9933 -23222.1184 1511.6587 236.0955 
248500 -19425.5108 -23346.9427 1522.6499 -301.6179 
249000 -19416.2077 -23400.4279 1547.03 31.8146 
249500 -19705.3584 -23568.5694 1500.0434 410.4774 
250000 -19591.5557 -23479.3294 1509.5808 -464.1803 
250500 -19520.2983 -23538.2468 1560.1263 52.2671 
251000 -19433.5522 -23352.1152 1521.5359 -722.8887 
251500 -19684.2842 -23448.568 1461.631 -800.5774 
252000 -19619.6603 -23411.1584 1472.198 -429.0814 
252500 -19566.236 -23518.1427 1534.483 198.1451 
253000 -19692.9303 -23406.5385 1441.9542 -282.7217 
253500 -19607.3638 -23576.541 1541.1889 281.7192 
254000 -19901.7971 -23782.4183 1506.8036 65.4693 
254500 -19940.7156 -23734.1395 1472.9458 -374.2829 
255000 -19576.4404 -23530.7715 1535.4243 912.8221 
255500 -19490.7299 -23449.7053 1537.2277 272.1132 
256000 -19810.2281 -23733.8006 1523.4811 -350.8087 
256500 -19873.3243 -23475.8668 1398.8286 244.3557 
257000 -19777.7615 -23616.0673 1490.3729 255.995 
257500 -19683.9176 -23549.3634 1500.9111 489.1985 
258000 -19630.6309 -23521.7356 1510.8742 -50.4885 
258500 -19602.0481 -23402.5235 1475.6838 528.8581 
259000 -19505.4119 -23433.4322 1525.2081 -91.3733 
259500 -19732.9622 -23743.2287 1557.1435 -375.4064 
260000 -19598.0736 -23587.4763 1549.0422 -117.8445 
260500 -19556.9024 -23464.0437 1517.1011 -217.5244 
261000 -19278.3698 -23258.3891 1545.3988 540.01 
261500 -19263.478 -23241.9669 1544.8045 -24.3145 
262000 -19032.37 -23005.6408 1542.7784 504.0112 
262500 -19188.9531 -23172.8503 1546.9045 -455.1788 
263000 -19342.154 -23338.8655 1551.8802 -310.3703 
263500 -19413.1861 -23404.9752 1549.9689 755.5022 
264000 -19405.7244 -23353.7033 1532.9578 -237.422 
264500 -19435.7923 -23567.3681 1604.2465 -229.7478 
265000 -19634.4855 -23449.2453 1481.2303 -84.986 
265500 -19581.823 -23436.8214 1496.8545 398.9018 
266000 -19470.2119 -23245.5606 1465.9274 96.5456 
266500 -19641.3284 -23443.7991 1476.4586 -192.4939 
267000 -19255.5132 -23342.64 1586.9874 27.0031 
267500 -19393.9929 -23367.838 1543.0014 -434.538 
268000 -19463.1378 -23388.9582 1524.3539 251.3381 
268500 -19445.8645 -23336.7218 1510.7781 -645.389 
269000 -19552.3364 -23346.4384 1473.2091 162.9707 
269500 -19657.7162 -23500.2417 1492.0114 387.7849 
270000 -19520.2717 -23372.6791 1495.8484 18.6967 
270500 -19619.8529 -23445.9917 1485.6487 309.0523 
271000 -19541.005 -23268.9245 1447.5111 -604.4977 
271500 -19623.9738 -23459.1479 1489.157 232.4435 
272000 -19458.4195 -23296.1129 1490.1352 144.9546 
272500 -19659.4688 -23514.6544 1496.9272 -639.5526 
273000 -19895.2349 -23548.0407 1418.3453 555.0924 
273500 -19511.159 -23214.8017 1438.0847 735.3642 
274000 -19387.7372 -23399.7017 1557.8028 147.8685 
274500 -19338.6002 -23111.2292 1464.8713 91.078 
275000 -19158.5779 -23165.5458 1555.8626 -2.377 
275500 -19399.8845 -23233.7433 1488.6462 112.5569 
276000 -19380.5503 -23220.209 1490.8983 471.3157 
276500 -19433.3626 -23483.483 1572.6183 -751.7267 
277000 -19167.8211 -23075.4526 1517.2914 -71.3565 
277500 -19120.7065 -23144.4347 1562.3705 -520.9062 
278000 -19308.2426 -23344.8047 1567.3537 -181.0704 
278500 -19410.3309 -23487.8346 1583.2509 -492.5568 
279000 -19547.6118 -23408.4762 1499.1322 340.7181 
279500 -19683.9471 -23545.884 1499.5487 -371.7761 
280000 -19323.5661 -23316.0354 1550.233 -457.3116 
280500 -19236.6402 -23069.7946 1488.3727 377.3668 
281000 -19234.0052 -23147.5939 1519.6045 -124.0432 
281500 -19678.5625 -23579.1893 1514.5715 725.6424 
282000 -19783.1277 -23653.2396 1502.7229 574.7351 
282500 -19722.9878 -23514.8792 1472.3507 -744.8765 
283000 -19675.3766 -23529.8961 1496.6685 20.207 
283500 -19559.501 -23435.3746 1504.9601 -270.632 
284000 -19687.6667 -23477.1857 1471.4295 107.272 
284500 -19594.1795 -23629.2693 1566.7821 79.3526 
285000 -19689.9805 -23600.5057 1518.415 -395.8874 
285500 -19590.7435 -23461.8305 1503.1015 12.81 
286000 -19558.4565 -23388.6355 1487.2174 233.0149 
286500 -19485.5512 -23414.5376 1525.5833 -610.1987 
287000 -19381.7409 -23440.1629 1575.8417 -439.5362 
287500 -19389.4016 -23431.1797 1569.379 82.6997 
288000 -19491.8886 -23307.063 1481.3913 -105.6932 
288500 -19460.627 -23422.1138 1538.2028 -50.1115 
289000 -19467.3961 -23474.449 1555.8956 187.9547 
289500 -19588.4146 -23297.5705 1440.2254 -368.4354 
290000 -19456.7629 -23460.1807 1554.4842 -36.3585 
290500 -19728.0873 -23573.4993 1493.1322 30.6564 
291000 -19795.049 -23587.8614 1472.7084 -392.0025 
291500 -19641.3834 -23575.6688 1527.6408 396.7723 
292000 -19526.464 -23359.9652 1488.5074 -231.2112 
292500 -19639.4861 -23457.9809 1482.6806 -328.2727 
293000 -19526.78 -23477.7702 1534.1271 101.7748 
293500 -19782.4975 -23533.8271 1456.601 262.2821 
294000 -19693.0034 -23458.1363 1461.9607 -294.9774 
294500 -19625.5935 -23668.549 1569.8362 173.3337 
295000 -19563.3448 -23448.6011 1508.6033 276.904 
295500 -19663.4938 -23430.5432 1462.7048 -357.2397 
296000 -19945.9068 -23760.2781 1481.0794 -401.0187 
296500 -19976.5544 -23737.7378 1460.4272 -84.4588 
297000 -19841.8774 -23484.5914 1414.4267 107.2725 
297500 -19761.4821 -23610.2205 1494.4238 -646.9252 
298000 -19784.0972 -23690.8268 1516.9412 226.2129 
298500 -19755.8119 -23550.0549 1473.2639 142.0889 
299000 -19736.5647 -23503.0544 1462.4875 221.601 
299500 -19646.0064 -23417.2864 1464.3476 -51.282 
300000 -19484.0611 -23379.4842 1512.551 -173.5613 
300500 -19483.6179 -23474.8842 1549.7659 3.5884 
301000 -19658.7039 -23403.0222 1453.8786 -244.6299 
301500 -19385.5015 -23215.184 1487.0246 -567.2754 
302000 -19502.3294 -23533.2221 1565.1524 487.1241 
302500 -19835.9511 -23612.1009 1466.2384 176.4623 
303000 -19829.852 -23589.2729 1459.7428 -172.5655 
303500 -19746.3293 -23646.5505 1514.414 -26.0226 
304000 -19644.5451 -23368.5498 1445.9911 101.0637 
304500 -19741.7327 -23513.6941 1464.6121 381.5652 
305000 -19538.5219 -23622.6011 1585.8041 261.1144 
305500 -19885.1986 -23628.3841 1453.4387 -562.1733 
306000 -19843.2938 -23691.437 1494.1927 -117.1954 
306500 -19833.6212 -23628.7334 1473.6013 879.8723 
307000 -19732.3956 -23427.6938 1434.8446 -107.9924 
307500 -19682.9246 -23540.2947 1497.7754 141.4028 
308000 -19647.2341 -23422.319 1465.8249 -188.6421 
308500 -19486.7779 -23316.4427 1487.0178 -9.1427 
309000 -19401.0582 -23206.9885 1477.8019 -192.1092 
309500 -19483.6349 -23337.7707 1496.5196 153.7376 
310000 -19213.8345 -23074.5653 1499.0803 -16.9695 
310500 -19268.1805 -23249.3964 1545.8634 538.1567 
311000 -19345.6073 -23187.3207 1491.6961 784.3681 
311500 -19604.8037 -23336.2338 1448.8743 203.6481 
312000 -19643.2087 -23411.9672 1463.3685 123.9503 
312500 -19578.1928 -23430.0883 1495.6497 -664.474 
313000 -19532.6255 -23488.4194 1535.9923 -729.8077 
313500 -19574.9137 -23399.1318 1484.9028 246.0114 
314000 -19564.6261 -23400.689 1489.502 367.9023 
314500 -19794.1164 -23600.8951 1478.1313 327.0582 
315000 -19735.5653 -23389.1583 1418.651 -66.5989 
315500 -19877.0285 -23533.3255 1419.7009 -295.1616 
316000 -19968.4036 -23698.6095 1448.3989 -32.2072 
316500 -19597.9305 -23415.5778 1482.3515 -306.0824 
317000 -19655.9247 -23499.9487 1492.5933 -39.6365 
317500 -19705.3318 -23566.4047 1499.2132 167.4 
318000 -19716.8013 -23587.8264 1503.0775 -39.9114 
318500 -19865.1215 -23537.5946 1425.9819 -192.2454 
319000 -19767.6354 -23695.594 1525.1842 517.0159 
319500 -19613.8722 -23255.6752 1414.073 308.5151 
320000 -19852.0768 -23735.2043 1507.7767 -501.5912 
320500 -19939.0881 -23722.2456 1468.9595 -494.8873 
321000 -19705.4664 -23529.0497 1484.6564 652.3771 
321500 -19720.7085 -23578.5233 1497.9481 988.119 
322000 -19570.4207 -23285.4219 1442.4951 442.1928 
322500 -19727.3729 -23485.8443 1459.3741 357.1934 
323000 -19565.3652 -23314.0998 1455.5934 -0.7305 
323500 -19644.75 -23661.3074 1559.5862 104.5004 
324000 -19692.0647 -23659.5183 1540.5197 -469.6355 
324500 -19676.1885 -23645.2583 1541.1472 567.7443 
325000 -19675.2707 -23476.5819 1476.0083 -751.9705 
325500 -19991.7204 -23844.3187 1495.9226 177.09 
326000 -19672.1224 -23561.216 1510.0933 736.5008 
326500 -19834.3782 -23554.3904 1444.4408 78.0423 
327000 -19953.4265 -23770.8299 1482.2568 -682.1745 
327500 -19827.0072 -23607.838 1468.056 255.1892 
328000 -19685.0728 -23565.8369 1506.8591 -301.7167 
328500 -19888.0621 -23694.6442 1478.055 637.9344 
329000 -19913.7214 -23681.8325 1463.1171 93.1199 
329500 -19789.8366 -23774.4457 1547.1809 223.8301 
330000 -20053.0271 -23678.0532 1407.5587 -339.958 
330500 -19741.5912 -23499.4855 1459.15 433.1662 
331000 -19792.6822 -23479.6658 1431.6162 -50.4572 
331500 -19636.4026 -23522.4943 1508.9277 -7.0496 
332000 -19489.9124 -23382.1151 1511.3005 -241.8089 
332500 -19448.0618 -23547.039 1591.5888 232.7521 
333000 -19772.7877 -23524.0165 1456.5619 -314.6479 
333500 -19953.9941 -23710.2578 1458.5169 -729.0509 
334000 -19919.2631 -23895.7832 1544.0401 618.0613 
334500 -19860.2595 -23812.2388 1534.5111 -922.2746 
335000 -19682.6305 -23481.4987 1475.0598 -270.9016 
335500 -19551.5315 -23427.6769 1505.0657 -375.6854 
336000 -19614.1587 -23541.6793 1525.0141 112.4885 
336500 -19553.8514 -23354.3608 1475.697 -578.4932 
337000 -19571.596 -23544.4388 1542.6122 268.6402 
337500 -19772.6517 -23472.8781 1436.7582 555.4746 
338000 -19752.7207 -23359.5932 1400.5099 -486.5917 
338500 -19455.7872 -23350.6465 1512.3321 602.1835 
339000 -19919.4318 -23660.7612 1452.718 -589.3155 
339500 -19661.5006 -23604.2563 1530.9297 -24.3361 
340000 -19615.927 -23473.7744 1497.9608 -381.4142 
340500 -19481.0854 -23436.5101 1535.849 135.7628 
341000 -19496.816 -23434.4083 1528.9248 198.5033 
341500 -19542.4309 -23281.0684 1451.6728 667.7343 
342000 -19655.7293 -23590.8799 1527.9767 1023.2227 
342500 -19472.8255 -23359.7965 1509.2691 -415.6779 
343000 -19523.7656 -23463.625 1529.8052 -97.3997 
343500 -19734.864 -23534.6564 1475.4186 -276.4657 
344000 -19576.2787 -23226.7635 1417.4441 436.5119 
344500 -19647.2171 -23217.2414 1386.2021 -180.0833 
345000 -19541.9889 -23498.8583 1536.4099 505.1013 
345500 -19588.9032 -23382.4478 1472.9927 -278.3227 
346000 -19277.2169 -23165.7143 1509.8618 -756.8671 
346500 -19278.8796 -23210.1048 1526.4525 -248.0874 
347000 -19024.8382 -22850.1676 1485.3343 -27.3558 
347500 -19179.6198 -23116.8687 1528.7915 -278.7437 
348000 -19285.3992 -23114.7104 1486.8805 -429.4553 
348500 -19526.2133 -23217.2762 1433.2001 -435.4729 
349000 -19600.2858 -23534.021 1527.4272 -406.3864 
349500 -19479.9489 -23290.8738 1479.7412 -392.1452 
350000 -19327.6787 -23292.7932 1539.6114 -390.1856 
350500 -19529.1038 -23370.5198 1491.5806 273.7667 
351000 -19335.4897 -23239.3959 1515.8449 241.9583 
351500 -19370.4515 -23267.2605 1513.0891 -29.777 
352000 -19502.9386 -23307.6008 1477.3095 586.3823 
352500 -19678.6998 -23509.0906 1487.2996 -281.6725 
353000 -19601.6572 -23446.7601 1493.0122 1112.5784 
353500 -19692.2461 -23428.6179 1450.7931 -315.9734 
354000 -19347.3557 -23222.9574 1504.8545 -368.7941 
354500 -19228.8046 -23133.3918 1516.1093 -335.7863 
355000 -19491.05 -23404.087 1519.3903 474.9334 
355500 -19683.4721 -23514.3341 1487.4826 -31.125 
356000 -19861.625 -23437.7974 1388.5893 -641.1046 
356500 -19731.3515 -23645.2701 1519.7326 -39.9963 
357000 -19514.8772 -23368.8759 1496.4663 11.5978 
357500 -19156.0236 -22937.2622 1468.2144 -243.4082 
358000 -19119.2136 -23214.3991 1590.1166 -123.5895 
358500 -19117.9553 -23051.3471 1527.2938 -31.9307 
359000 -19662.3038 -23599.5054 1528.7732 -946.9829 
359500 -19756.2168 -23463.1886 1439.3774 -247.8128 
360000 -19852.9334 -23662.5262 1479.224 -185.1599 
360500 -19641.4706 -23481.9171 1491.2041 548.2276 
361000 -19723.9418 -23539.258 1481.4463 -338.39 
361500 -19816.9898 -23789.2725 1542.3948 -276.5119 
362000 -19761.4151 -23555.2926 1473.1219 283.1569 
362500 -19785.8301 -23596.2065 1479.5283 -20.3022 
363000 -19680.6681 -23544.2916 1500.2035 104.0427 
363500 -19669.8453 -23471.0863 1475.9811 345.6437 
364000 -19753.3832 -23403.5939 1417.3377 466.1809 
364500 -19449.7719 -23369.0911 1521.8296 17.2921 
365000 -19504.77 -23190.5654 1431.1548 -263.1803 
365500 -19390.8905 -23310.5826 1521.9744 256.1381 
366000 -19558.2796 -23362.199 1477.0211 -463.1805 
366500 -19433.6203 -23246.6078 1480.5421 -265.6211 
367000 -19712.1297 -23683.0516 1541.8664 -35.0586 
367500 -19560.472 -23193.0678 1410.498 -159.6264 
368000 -19726.879 -23525.157 1474.8306 270.3431 
368500 -19355.9416 -23212.7843 1497.5706 79.7414 
369000 -19234.462 -23221.7516 1548.2218 -387.2122 
369500 -19394.2457 -23245.3822 1495.355 230.1818 
370000 -19520.705 -23246.5123 1446.691 -502.3586 
370500 -19582.5449 -23372.103 1471.4447 -494.3977 
371000 -19473.3467 -23381.9141 1517.6548 -79.3741 
371500 -19639.2442 -23525.5746 1509.0204 -32.3997 
372000 -19641.1723 -23569.2139 1525.2164 53.7247 
372500 -19388.5595 -23345.4425 1536.4152 367.6512 
373000 -19446.2093 -23541.4153 1590.1246 373.0751 
373500 -19543.0027 -23513.5003 1541.7016 -289.2207 
374000 -19589.2221 -23338.9233 1455.9687 -672.9247 
374500 -19727.7095 -23504.146 1466.3498 -371.1364 
375000 -19615.2813 -23404.4125 1471.279 393.5125 
375500 -19670.7246 -23576.6223 1516.6182 -529.6738 
376000 -19721.6127 -23594.9035 1503.9573 294.4691 
376500 -19380.4594 -23191.9355 1479.9552 -71.2941 
377000 -19455.8776 -23393.0971 1528.7801 -187.8559 
377500 -19281.1509 -23089.8119 1478.8622 294.855 
378000 -19589.4628 -23392.2935 1476.5983 -61.0093 
378500 -19780.1804 -23646.7349 1501.3416 215.8818 
379000 -19855.0173 -23707.406 1495.8412 415.1613 
379500 -20077.0754 -23770.2268 1434.011 -472.7517 
380000 -19853.569 -23570.8321 1443.3733 -43.1721 
380500 -19875.2674 -23758.2691 1507.7279 105.8053 
381000 -19472.6457 -23405.503 1527.0863 571.6332 
381500 -19694.8488 -23428.774 1449.8431 231.7165 
382000 -19484.2243 -23306.2078 1484.0352 -120.8092 
382500 -19677.2611 -23512.1371 1489.0412 53.0819 
383000 -19682.0518 -23497.3892 1481.4545 -30.4547 
383500 -19647.7391 -23519.6899 1503.437 482.9196 
384000 -19424.0567 -23422.7837 1552.6628 356.5967 
384500 -19372.8214 -23078.8281 1439.0026 -526.921 
385000 -19368.0485 -23371.0008 1554.3034 -104.4863 
385500 -19458.6844 -23539.4282 1584.509 642.6875 
386000 -19483.8167 -23249.1251 1462.0288 -417.0089 
386500 -19431.4771 -23372.7092 1530.3381 326.4443 
387000 -19234.0614 -23271.1793 1567.5696 170.3775 
387500 -19391.4916 -23195.9067 1477.2135 -109.8592 
388000 -19566.5711 -23661.332 1589.9517 -459.9884 
388500 -19735.5432 -23588.7562 1496.1612 -231.3466 
389000 -19758.2683 -23357.1428 1397.4043 -342.4761 
389500 -19735.6916 -23668.8764 1527.2134 -344.4673 
390000 -19720.4896 -23554.0018 1488.5116 -40.4313 
390500 -19772.8845 -23512.1927 1451.9332 -174.5933 
391000 -19637.4335 -23547.4572 1518.2202 175.0548 
391500 -19354.5924 -23430.8926 1582.7836 -225.8318 
392000 -19496.3432 -23379.2437 1507.6886 -239.9833 
392500 -19495.9036 -23365.3372 1502.4595 755.1308 
393000 -19705.2002 -23477.4444 1464.7219 -248.57 
393500 -19464.1181 -23310.085 1493.3477 90.7486 
394000 -19317.6648 -23185.3597 1501.7844 210.0042 
394500 -19223.4704 -23007.8002 1469.4147 389.9438 
395000 -19330.4579 -23141.7956 1479.9015 654.8709 
395500 -19373.5685 -23189.1047 1481.5317 -13.014 
396000 -19475.2601 -23228.6208 1457.3897 72.6218 
396500 -19752.2286 -23580.7011 1486.5548 450.9786 
397000 -19831.02 -23700.6036 1502.5178 45.5159 
397500 -19918.0773 -23476.8536 1381.8347 139.4214 
398000 -19954.377 -23634.3793 1428.9054 74.3533 
398500 -19573.7237 -23475.9634 1515.1978 -112.7595 
399000 -19856.7875 -23694.864 1490.2839 -35.8519 
399500 -19992.3772 -23768.7577 1466.328 162.2974 
400000 -20039.4352 -23809.7347 1463.9668 758.6852 
400500 -19839.7016 -23667.4634 1486.2788 -115.264 
401000 -19726.8424 -23487.2172 1460.1132 565.72 
401500 -19922.3337 -23749.9157 1486.209 554.9495 
402000 -19849.2645 -23872.3438 1562.1185 323.7224 
402500 -19851.5905 -23657.0184 1477.6068 107.7196 
403000 -19865.6336 -23591.7718 1446.8195 272.2424 
403500 -19778.318 -23563.4118 1469.7113 192.0191 
404000 -19629.486 -23606.9685 1544.4138 170.836 
404500 -19609.7518 -23500.5066 1510.7383 -300.3876 
405000 -19424.1262 -23355.0232 1526.3251 -4.9563 
405500 -19804.1269 -23497.509 1434.1006 535.0039 
406000 -19457.1528 -23476.9978 1560.8627 -45.1496 
406500 -19635.8978 -23462.1468 1485.6914 645.7392 
407000 -19858.5739 -23639.6035 1468.1332 -435.59 
407500 -19828.821 -23859.0157 1564.8813 705.1213 
408000 -19572.4615 -23339.207 1462.5868 -45.1297 
408500 -19583.2254 -23393.0864 1479.3281 172.3852 
409000 -19740.8395 -23545.054 1477.1356 106.1245 
409500 -20091.6872 -23954.7808 1499.9978 -131.1719 
410000 -19847.5201 -23771.6711 1523.7057 265.8975 
410500 -19984.269 -23647.4571 1422.3766 230.9547 
411000 -20061.4158 -23696.8557 1411.6023 -109.5196 
411500 -19859.0168 -23605.6025 1454.759 363.6895 
412000 -19927.4521 -23653.4455 1446.7632 12.4072 
412500 -19509.6274 -23511.9909 1554.0748 76.9771 
413000 -19644.9391 -23576.6898 1526.6566 148.0195 
413500 -19896.9081 -23858.6152 1538.2883 237.0931 
414000 -19902.994 -23750.2877 1493.8629 332.0267 
414500 -19686.7243 -23631.3444 1531.6537 617.6026 
415000 -19886.9369 -23649.4013 1460.9246 -213.8015 
415500 -19515.2761 -23500.467 1547.4069 -346.9072 
416000 -19709.704 -23565.0477 1496.9886 827.5565 
416500 -19846.2652 -23563.5615 1443.3863 272.7232 
417000 -19781.9495 -23662.8651 1506.9179 16.6058 
417500 -19491.1852 -23448.4328 1536.5568 423.8237 
418000 -19793.1806 -23751.9765 1537.158 -94.1605 
418500 -19567.2357 -23584.8132 1559.9822 260.197 
419000 -19520.1051 -23398.5529 1505.9597 -105.9367 
419500 -19221.8363 -23306.4356 1586.0061 139.5413 
420000 -19698.8079 -23508.0412 1479.0844 204.0381 
420500 -19593.6591 -23451.0422 1497.7805 49.5844 
421000 -19570.3788 -23388.3011 1482.4582 -521.9618 
421500 -19682.1708 -23336.239 1418.8355 -39.0632 
422000 -19502.0172 -23368.5265 1501.3241 -337.8666 
422500 -19663.9716 -23647.5676 1546.7876 282.1494 
423000 -19586.9963 -23447.8391 1499.1238 -516.8903 
423500 -19516.8844 -23430.0927 1519.4568 305.6473 
424000 -19391.9283 -23338.3714 1532.3615 -493.5307 
424500 -19359.3076 -23378.9801 1560.7957 5.4799 
425000 -19667.8843 -23451.6272 1469.1867 -104.8732 
425500 -19553.6961 -23488.5898 1527.877 268.9812 
426000 -19875.3483 -23697.391 1484.0582 -335.8379 
426500 -19831.7362 -23602.7461 1464.2427 -49.816 
427000 -19739.796 -23474.5022 1450.1463 -294.3429 
427500 -19851.3727 -23678.934 1486.201 -126.3102 
428000 -19879.8596 -23819.6057 1529.7611 316.3521 
428500 -19553.0821 -23542.1553 1548.9143 274.4632 
429000 -19775.8665 -23631.5114 1497.1055 -844.8564 
429500 -19815.3906 -23691.0256 1504.8675 820.5163 
430000 -19860.0445 -23597.6126 1451.2576 -8.6857 
430500 -20000.9215 -23664.0623 1422.3583 391.0051 
431000 -19683.7764 -23457.3587 1465.2415 -163.2523 
431500 -19623.5118 -23319.8057 1435.2313 -152.1994 
432000 -19681.1674 -23395.6381 1442.2891 -247.1046 
432500 -19774.9361 -23480.0978 1438.6745 1110.486 
433000 -19359.8227 -23266.7396 1517.0139 -569.666 
433500 -19390.3821 -23408.1991 1560.0752 291.6341 
434000 -19630.6226 -23305.7419 1427.0094 -621.131 
434500 -19547.9221 -23288.3623 1452.3728 216.6253 
435000 -19687.2544 -23401.6976 1442.2784 574.98 
435500 -19698.4347 -23673.7238 1543.5621 20.4007 
436000 -19496.6045 -23409.1437 1519.197 161.5101 
436500 -19653.2241 -23507.7087 1496.655 -296.4738 
437000 -19623.5917 -23331.4303 1439.7139 152.9217 
437500 -19693.6276 -23431.8256 1451.5022 201.978 
438000 -19786.812 -23553.4877 1462.5597 -140.3436 
438500 -19943.6658 -23711.6077 1463.0514 108.9778 
439000 -19825.4916 -23790.1191 1539.4223 290.7654 
439500 -19693.444 -23410.4967 1443.2917 -54.5124 
440000 -19509.571 -23452.0201 1530.8107 557.6684 
440500 -19148.514 -22987.6306 1490.6878 -641.0968 
441000 -19389.5194 -23123.7651 1449.9675 -83.076 
441500 -19511.9169 -23198.1524 1431.3257 -229.3123 
442000 -19469.8757 -23461.7069 1549.9852 46.0443 
442500 -19679.6227 -23400.7335 1444.8674 838.3334 
443000 -19525.388 -23440.3675 1520.1445 -39.5209 
443500 -19855.4174 -23624.0823 1463.3321 -406.7962 
444000 -19723.7438 -23536.5074 1480.4552 290.8325 
444500 -19962.7002 -23637.7487 1426.9819 338.1494 
445000 -19719.9453 -23434.3761 1442.2736 125.3234 
445500 -19735.8247 -23647.6981 1518.9385 -829.2466 
446000 -19805.5464 -23639.2157 1488.5727 -309.6314 
446500 -19794.8146 -23417.0159 1406.4619 494.1481 
447000 -19634.2606 -23405.6416 1464.3868 545.3812 
447500 -19674.4064 -23405.3714 1448.6937 -708.1773 
448000 -19630.7722 -23393.8027 1461.1444 -543.976 
448500 -19470.9085 -23230.8572 1459.9477 405.0521 
449000 -19259.1268 -23273.26 1558.6448 6.9615 
449500 -19390.1571 -23291.7281 1514.9381 -447.4333 
450000 -19161.1362 -23132.074 1541.8725 -307.2797 
450500 -19450.1893 -23310.5796 1498.9481 -43.8217 
451000 -19388.6602 -23269.1965 1506.7706 435.2555 
451500 -19648.0854 -23538.3017 1510.5293 -435.5291 
452000 -19507.7615 -23356.2859 1494.3407 545.2858 
452500 -19360.9021 -23080.8539 1444.4173 -246.9911 
453000 -19532.1905 -23297.4726 1462.0187 -237.4763 
453500 -19677.9861 -23414.2877 1450.7658 242.5547 
454000 -19439.3932 -23350.4354 1518.6157 -446.9786 
454500 -19588.425 -23388.3973 1475.4884 661.3515 
455000 -19244.0474 -23054.89 1479.7093 -409.7855 
455500 -19287.5756 -23127.7569 1491.1012 91.8459 
456000 -19042.8322 -23069.9096 1563.6709 -203.3883 
456500 -19219.1198 -23073.2183 1496.5051 282.2143 
457000 -19348.2693 -23206.949 1498.2839 590.8212 
457500 -19359.8016 -23070.3336 1440.7597 -491.5257 
458000 -19264.3293 -23037.644 1465.1376 371.4588 
458500 -19467.1425 -23393.7385 1524.6551 -79.8628 
459000 -19268.976 -23131.6502 1499.8349 -99.4166 
459500 -19519.8571 -23355.1683 1489.2102 337.7711 
460000 -19321.1246 -23262.89 1530.5452 1118.4611 
460500 -19399.9428 -23330.6278 1526.2428 -692.808 
461000 -19324.3307 -23383.6981 1576.2088 415.2251 
461500 -19508.5929 -23280.3037 1464.5148 -314.4848 
462000 -19858.2358 -23668.7258 1479.5724 387.4727 
462500 -19866.2191 -23536.5454 1425.1483 -272.1864 
463000 -19849.3438 -23651.7468 1476.4323 -625.152 
463500 -19632.7469 -23432.0609 1475.2328 541.5056 
464000 -19528.052 -23346.3956 1482.6218 324.0009 
464500 -19613.7367 -23447.5702 1488.6364 -730.6219 
465000 -19602.5595 -23394.3872 1472.326 629.8019 
465500 -19676.1112 -23497.4604 1483.7889 98.8005 
466000 -19662.2645 -23448.7243 1470.2417 -668.2162 
466500 -19575.7599 -23527.5574 1534.4405 624.7418 
467000 -19382.8025 -23312.4388 1525.8356 -315.6004 
467500 -19484.6648 -23271.0423 1470.2097 -261.693 
468000 -19545.689 -23585.9893 1568.8053 -463.3452 
468500 -19457.2428 -23305.3928 1494.1953 -798.3245 
469000 -19551.013 -23585.1407 1566.4085 -63.2794 
469500 -19701.9745 -23503.0304 1475.9092 -138.3572 
470000 -19697.5479 -23521.08 1484.6365 505.6331 
470500 -19406.4475 -23318.3428 1518.947 -433.5055 
471000 -19778.5315 -23427.6659 1416.9197 765.853 
471500 -19769.6086 -23515.1915 1454.3697 104.3413 
472000 -19690.9186 -23588.7852 1513.4997 -467.0496 
472500 -19752.9342 -23548.2553 1473.6824 -117.4613 
473000 -19466.632 -23362.2737 1512.6359 -147.5203 
473500 -19551.3105 -23410.9677 1498.6635 -32.0564 
474000 -19612.6186 -23294.5992 1429.6736 447.7525 
474500 -19629.0087 -23554.1966 1524.1083 -79.405 
475000 -19548.1288 -23399.5296 1495.4576 -188.7681 
475500 -19387.1079 -23344.6753 1536.6809 574.8345 
476000 -19586.3708 -23439.6586 1496.1903 -61.2315 
476500 -19763.7193 -23513.7066 1456.0798 -490.613 
477000 -19780.1434 -23754.0866 1543.0395 -59.0862 
477500 -19799.072 -23538.0234 1451.7947 -148.1483 
478000 -19788.2215 -23548.5167 1460.0823 90.0317 
478500 -19588.6902 -23446.7076 1498.0268 -257.1047 
479000 -19641.2484 -23466.0368 1485.1243 221.8875 
479500 -19684.5479 -23548.8753 1500.4768 -314.3161 
480000 -19701.0 -23614.6227 1519.6177 -668.1723 
480500 -19496.262 -23277.6342 1468.2663 -293.6924 
481000 -19630.7637 -23332.5448 1437.3619 154.5769 
481500 -19537.8382 -23352.6858 1481.2644 -281.267 
482000 -19327.0966 -23295.5184 1540.8956 51.1001 
482500 -19162.6788 -23096.9759 1527.6453 -311.888 
483000 -19483.1773 -23411.8577 1525.4644 116.3275 
483500 -19365.5329 -23381.8421 1559.4897 -469.42 
484000 -19471.7286 -23189.1344 1443.4288 -147.732 
484500 -19675.6812 -23466.9368 1472.1039 -535.8491 
485000 -19685.9578 -23447.9226 1460.7306 -36.1289 
485500 -19392.4533 -23372.0102 1545.2192 -127.3705 
486000 -19057.6608 -23127.7202 1580.3604 -700.5696 
486500 -19366.4585 -23329.0416 1538.6285 250.5614 
487000 -19207.5109 -23097.3602 1510.3867 205.2821 
487500 -19333.1869 -23373.362 1568.7566 110.1257 
488000 -19496.8654 -23257.7907 1460.3269 -53.2397 
488500 -19413.682 -23334.0772 1522.2474 566.4295 
489000 -19357.2012 -23527.0228 1619.097 180.7196 
489500 -19422.0557 -23263.1639 1491.4611 179.0217 
490000 -19779.311 -23336.0333 1381.0371 -307.3028 
490500 -19577.5358 -23475.4352 1513.5125 -166.1171 
491000 -19544.1694 -23263.5283 1444.1872 -24.9493 
491500 -19631.0392 -23528.2352 1513.2394 258.2984 
492000 -19486.2831 -23323.536 1489.9641 -112.7558 
492500 -19672.5745 -23400.0567 1447.3414 68.2604 
493000 -19693.3997 -23628.4845 1527.9512 243.3597 
493500 -19688.3604 -23508.7985 1483.4351 26.7229 
494000 -19584.8159 -23392.1471 1478.3458 91.5195 
494500 -19526.9646 -23419.3396 1511.3674 -46.9693 
495000 -19652.319 -23547.2429 1512.3571 -692.9341 
495500 -19694.1617 -23401.4347 1439.4943 339.5153 
496000 -19460.7758 -23434.0145 1542.766 -406.5216 
496500 -19897.9588 -23583.7534 1431.1545 -363.1567 
497000 -19827.4502 -23657.934 1487.3358 180.1373 
497500 -20136.0317 -23809.7933 1426.4822 -387.9443 
498000 -19775.0177 -23602.1568 1486.0371 51.7247 
498500 -19603.4388 -23519.475 1520.5548 -119.933 
499000 -19779.031 -23521.087 1453.0002 -138.0149 
499500 -19759.7501 -23376.7655 1404.4483 -570.2663 
500000 -19565.7451 -23577.6412 1557.7762 -74.4266 
